{
 "cells": [
  {
   "cell_type": "markdown",
   "metadata": {},
   "source": [
    "#Example\n",
    "\n",
    "Consider sequences that are increasingly different. EDeN allows to turn them into vectors, whose similarity is decreasing."
   ]
  },
  {
   "cell_type": "code",
   "execution_count": 1,
   "metadata": {
    "collapsed": false
   },
   "outputs": [],
   "source": [
    "%matplotlib inline"
   ]
  },
  {
   "cell_type": "markdown",
   "metadata": {},
   "source": [
    "Build an artificial dataset: starting from the string 'abcdefghijklmnopqrstuvwxyz', generate iteratively strings by swapping two characters at random. In this way instances are progressively more dissimilar"
   ]
  },
  {
   "cell_type": "code",
   "execution_count": 2,
   "metadata": {
    "collapsed": false
   },
   "outputs": [],
   "source": [
    "import random\n",
    "\n",
    "def make_data(size):\n",
    "    text = ''.join([str(unichr(97+i)) for i in range(26)])\n",
    "    seqs = []\n",
    "\n",
    "    def swap_two_characters(seq):\n",
    "        '''define a function that swaps two characters at random positions in a string '''\n",
    "        line = list(seq)\n",
    "        id_i = random.randint(0,len(line)-1)\n",
    "        id_j = random.randint(0,len(line)-1)\n",
    "        line[id_i], line[id_j] = line[id_j], line[id_i]\n",
    "        return ''.join(line)\n",
    "\n",
    "    for i in range(size):\n",
    "        text = swap_two_characters( text )\n",
    "        seqs.append( text )\n",
    "        print text\n",
    "        \n",
    "    return seqs"
   ]
  },
  {
   "cell_type": "code",
   "execution_count": 3,
   "metadata": {
    "collapsed": false
   },
   "outputs": [
    {
     "name": "stdout",
     "output_type": "stream",
     "text": [
      "abcdefghijkmlnopqrstuvwxyz\n",
      "abcdxfghijkmlnopqrstuvweyz\n",
      "abcdxfgkijhmlnopqrstuvweyz\n",
      "obcdxfgkijhmlnapqrstuvweyz\n",
      "obcdxfgkijhvlnapqrstumweyz\n",
      "obcdxfgkijhvlnapqrstumweyz\n",
      "obcdxfgkujhvlnapqrstimweyz\n",
      "otcdxfgkujhvlnapqrsbimweyz\n",
      "otcdxfgkujhvlnapbrsqimweyz\n",
      "ytcdxfgkujhvlnapbrsqimweoz\n",
      "atcdxfgkujhvlnypbrsqimweoz\n",
      "atcdxfikujhvlnypbrsqgmweoz\n",
      "atbdxfikujhvlnypcrsqgmweoz\n",
      "atbdjfikuxhvlnypcrsqgmweoz\n",
      "atbdjhikuxfvlnypcrsqgmweoz\n",
      "atbdjhzkuxfvlnypcrsqgmweoi\n",
      "atbdjhzkuxfvlnyicrsqgmweop\n",
      "awbdjhzkuxfvlnyicrsqgmteop\n",
      "awbdjhzkuxfvlsyicrnqgmteop\n",
      "awbdjhzkuxfvlsyicrnqtmgeop\n",
      "awbsjhzkuxfvldyicrnqtmgeop\n",
      "agbsjhzkuxfvldyicrnqtmweop\n",
      "agbsjdzkuxfvlhyicrnqtmweop\n",
      "agbsjdqkuxfvlhyicrnztmweop\n",
      "agbsjdqkuxfvlhyicwnztmreop\n"
     ]
    }
   ],
   "source": [
    "seqs = make_data(25)"
   ]
  },
  {
   "cell_type": "markdown",
   "metadata": {},
   "source": [
    "define a function that builds a graph from a string, i.e. the path graph with the characters as node labels"
   ]
  },
  {
   "cell_type": "code",
   "execution_count": 4,
   "metadata": {
    "collapsed": false
   },
   "outputs": [],
   "source": [
    "import networkx as nx\n",
    "\n",
    "def sequence_to_graph(seq):\n",
    "    '''convert a sequence into a EDeN 'compatible' graph\n",
    "    i.e. a graph with the attribute 'label' for every node and edge'''\n",
    "    G = nx.Graph()\n",
    "    for id,character in enumerate(seq):\n",
    "        G.add_node(id, label = character )\n",
    "        if id > 0:\n",
    "            G.add_edge(id-1, id, label = '-')\n",
    "    return G"
   ]
  },
  {
   "cell_type": "markdown",
   "metadata": {},
   "source": [
    "make a generator that yields graphs: generators are 'good' as they allow functional composition"
   ]
  },
  {
   "cell_type": "code",
   "execution_count": 5,
   "metadata": {
    "collapsed": false
   },
   "outputs": [],
   "source": [
    "def pre_process(iterable):\n",
    "    for seq in iterable:\n",
    "        yield sequence_to_graph(seq)"
   ]
  },
  {
   "cell_type": "markdown",
   "metadata": {},
   "source": [
    "initialize the vectorizer object with the desired 'resolution'"
   ]
  },
  {
   "cell_type": "code",
   "execution_count": 6,
   "metadata": {
    "collapsed": false
   },
   "outputs": [
    {
     "name": "stdout",
     "output_type": "stream",
     "text": [
      "CPU times: user 139 ms, sys: 110 ms, total: 249 ms\n",
      "Wall time: 331 ms\n"
     ]
    }
   ],
   "source": [
    "%%time\n",
    "from eden.graph import Vectorizer\n",
    "vectorizer = Vectorizer( complexity = 4 )"
   ]
  },
  {
   "cell_type": "markdown",
   "metadata": {},
   "source": [
    "obtain an iterator over the sequences processed into graphs"
   ]
  },
  {
   "cell_type": "code",
   "execution_count": 7,
   "metadata": {
    "collapsed": false
   },
   "outputs": [
    {
     "name": "stdout",
     "output_type": "stream",
     "text": [
      "CPU times: user 3 µs, sys: 2 µs, total: 5 µs\n",
      "Wall time: 6.2 µs\n"
     ]
    }
   ],
   "source": [
    "%%time\n",
    "graphs = pre_process( seqs )"
   ]
  },
  {
   "cell_type": "markdown",
   "metadata": {},
   "source": [
    "compute the vector encoding of each instance in a sparse data matrix"
   ]
  },
  {
   "cell_type": "code",
   "execution_count": 8,
   "metadata": {
    "collapsed": false
   },
   "outputs": [
    {
     "name": "stdout",
     "output_type": "stream",
     "text": [
      "Instances: 25 ; Features: 1048577 with an avg of 599 features per instance\n",
      "CPU times: user 460 ms, sys: 15.8 ms, total: 476 ms\n",
      "Wall time: 473 ms\n"
     ]
    }
   ],
   "source": [
    "%%time\n",
    "X = vectorizer.transform( graphs )\n",
    "print 'Instances: %d ; Features: %d with an avg of %d features per instance' % (X.shape[0], X.shape[1],  X.getnnz()/X.shape[0])"
   ]
  },
  {
   "cell_type": "markdown",
   "metadata": {},
   "source": [
    "compute the pairwise similarity as the dot product between the vector representations of each sequence"
   ]
  },
  {
   "cell_type": "code",
   "execution_count": 9,
   "metadata": {
    "collapsed": false
   },
   "outputs": [
    {
     "name": "stdout",
     "output_type": "stream",
     "text": [
      "[[ 1.          0.56228675  0.33769148  0.19905347  0.14222445  0.14222445\n",
      "   0.11383999  0.09230998  0.07920908  0.07614308  0.08296049  0.07606405\n",
      "   0.07120395  0.06749513  0.06568933  0.0623502   0.05895679  0.05887773\n",
      "   0.05385955  0.05030224  0.04856311  0.05030224  0.05197472  0.05204137\n",
      "   0.05552622]\n",
      " [ 0.56228675  1.          0.60896138  0.39792015  0.19601458  0.19601458\n",
      "   0.16382356  0.13059198  0.11749108  0.09866611  0.1073017   0.092395\n",
      "   0.08272978  0.07079764  0.06888933  0.06388353  0.06049012  0.05881107\n",
      "   0.05379289  0.05023557  0.04849644  0.05183557  0.05350806  0.0535747\n",
      "   0.05545955]\n",
      " [ 0.33769148  0.60896138  1.          0.5938797   0.29512062  0.29512062\n",
      "   0.1921417   0.15388681  0.14078591  0.12196094  0.12892405  0.10251645\n",
      "   0.09452371  0.07758577  0.07230751  0.06730171  0.0639083   0.06222925\n",
      "   0.05898928  0.05365375  0.05009644  0.05525375  0.05350224  0.05694698\n",
      "   0.06046482]\n",
      " [ 0.19905347  0.39792015  0.5938797   1.          0.48318995  0.48318995\n",
      "   0.33217904  0.20345757  0.16263458  0.13514089  0.12196094  0.09555334\n",
      "   0.08922726  0.07410751  0.06882925  0.06382345  0.05883004  0.05715099\n",
      "   0.05213281  0.04857549  0.04675731  0.05191462  0.05016311  0.05190224\n",
      "   0.05378709]\n",
      " [ 0.14222445  0.19601458  0.29512062  0.48318995  1.          1.\n",
      "   0.45516702  0.3094078   0.23179593  0.18978087  0.15341082  0.12518504\n",
      "   0.11885896  0.09572896  0.08571223  0.07888825  0.07025848  0.06714348\n",
      "   0.05547852  0.05192121  0.05010303  0.06006692  0.0583154   0.05838642\n",
      "   0.05709284]\n",
      " [ 0.14222445  0.19601458  0.29512062  0.48318995  1.          1.\n",
      "   0.45516702  0.3094078   0.23179593  0.18978087  0.15341082  0.12518504\n",
      "   0.11885896  0.09572896  0.08571223  0.07888825  0.07025848  0.06714348\n",
      "   0.05547852  0.05192121  0.05010303  0.06006692  0.0583154   0.05838642\n",
      "   0.05709284]\n",
      " [ 0.11383999  0.16382356  0.1921417   0.33217904  0.45516702  0.45516702\n",
      "   1.          0.56602361  0.45194732  0.38840225  0.30952144  0.16177326\n",
      "   0.15544719  0.10439458  0.08926954  0.08404557  0.07723397  0.07241646\n",
      "   0.06412069  0.06056337  0.05707852  0.0653743   0.06195612  0.06187706\n",
      "   0.06047194]\n",
      " [ 0.09230998  0.13059198  0.15388681  0.20345757  0.3094078   0.3094078\n",
      "   0.56602361  1.          0.61263436  0.43219334  0.35331252  0.17667996\n",
      "   0.16067117  0.10787943  0.09093621  0.08571223  0.07890064  0.07067733\n",
      "   0.06238155  0.06056337  0.05867852  0.0669743   0.06355612  0.06347706\n",
      "   0.05866614]\n",
      " [ 0.07920908  0.11749108  0.14078591  0.16263458  0.23179593  0.23179593\n",
      "   0.45194732  0.61263436  1.          0.71893216  0.44912766  0.21006965\n",
      "   0.17782149  0.12680796  0.10808653  0.10104437  0.09059641  0.07881579\n",
      "   0.06738155  0.06556337  0.06207852  0.07211343  0.06869525  0.06354373\n",
      "   0.05873281]\n",
      " [ 0.07614308  0.09866611  0.12196094  0.13514089  0.18978087  0.18978087\n",
      "   0.38840225  0.43219334  0.71893216  1.          0.5938797   0.24686073\n",
      "   0.21627923  0.16348749  0.14654428  0.1108553   0.10040734  0.08382159\n",
      "   0.07238735  0.07056917  0.06708432  0.08192435  0.07850617  0.07335466\n",
      "   0.0637386 ]\n",
      " [ 0.08296049  0.1073017   0.12892405  0.12196094  0.15341082  0.15341082\n",
      "   0.30952144  0.35331252  0.44912766  0.5938797   1.          0.46054252\n",
      "   0.27637296  0.19492565  0.16955188  0.1338629   0.11365317  0.09392896\n",
      "   0.07593808  0.07411989  0.0707141   0.08373595  0.08031777  0.07516625\n",
      "   0.06381107]\n",
      " [ 0.07606405  0.092395    0.10251645  0.09555334  0.12518504  0.12518504\n",
      "   0.16177326  0.17667996  0.21006965  0.24686073  0.46054252  1.\n",
      "   0.52707015  0.32898489  0.29693881  0.18929535  0.17072134  0.11339166\n",
      "   0.08248813  0.07405323  0.0723141   0.0818453   0.0802453   0.07509379\n",
      "   0.06207194]\n",
      " [ 0.07120395  0.08272978  0.09452371  0.08922726  0.11885896  0.11885896\n",
      "   0.15544719  0.16067117  0.17782149  0.21627923  0.27637296  0.52707015\n",
      "   1.          0.5786609   0.51929046  0.38702988  0.22668159  0.14020718\n",
      "   0.09439696  0.08414387  0.08080474  0.09033595  0.08873595  0.0818453\n",
      "   0.06722345]\n",
      " [ 0.06749513  0.07079764  0.07758577  0.07410751  0.09572896  0.09572896\n",
      "   0.10439458  0.10787943  0.12680796  0.16348749  0.19492565  0.32898489\n",
      "   0.5786609   0.99673333  0.56120377  0.42211921  0.2601352   0.15903236\n",
      "   0.1112215   0.10096841  0.09267264  0.10402203  0.10562203  0.09873138\n",
      "   0.08410953]\n",
      " [ 0.06568933  0.06888933  0.07230751  0.06882925  0.08571223  0.08571223\n",
      "   0.08926954  0.09093621  0.10808653  0.14654428  0.16955188  0.29693881\n",
      "   0.51929046  0.56120377  0.99833333  0.59940671  0.35240116  0.22983642\n",
      "   0.15403034  0.14377726  0.12885817  0.14020756  0.13506263  0.12817199\n",
      "   0.11355014]\n",
      " [ 0.0623502   0.06388353  0.06730171  0.06382345  0.07888825  0.07888825\n",
      "   0.08404557  0.08571223  0.10104437  0.1108553   0.1338629   0.18929535\n",
      "   0.38702988  0.42211921  0.59940671  0.99833333  0.60463069  0.38143914\n",
      "   0.27330291  0.26304982  0.19658666  0.20793605  0.16007749  0.12643286\n",
      "   0.11355014]\n",
      " [ 0.05895679  0.06049012  0.0639083   0.05883004  0.07025848  0.07025848\n",
      "   0.07723397  0.07890064  0.09059641  0.10040734  0.11365317  0.17072134\n",
      "   0.22668159  0.2601352   0.35240116  0.60463069  0.99833333  0.61983243\n",
      "   0.30497677  0.29108732  0.22462416  0.25854412  0.21068556  0.17522274\n",
      "   0.13496433]\n",
      " [ 0.05887773  0.05881107  0.06222925  0.05715099  0.06714348  0.06714348\n",
      "   0.07241646  0.07067733  0.07881579  0.08382159  0.09392896  0.11339166\n",
      "   0.14020718  0.15903236  0.22983642  0.38143914  0.61983243  1.\n",
      "   0.54519437  0.45993613  0.25113412  0.22629083  0.17843227  0.14470858\n",
      "   0.13838251]\n",
      " [ 0.05385955  0.05379289  0.05898928  0.05213281  0.05547852  0.05547852\n",
      "   0.06412069  0.06238155  0.06738155  0.07238735  0.07593808  0.08248813\n",
      "   0.09439696  0.1112215   0.15403034  0.27330291  0.30497677  0.54519437\n",
      "   1.          0.71985284  0.28577596  0.25081358  0.20295502  0.15965422\n",
      "   0.14356637]\n",
      " [ 0.05030224  0.05023557  0.05365375  0.04857549  0.05192121  0.05192121\n",
      "   0.06056337  0.06056337  0.06556337  0.07056917  0.07411989  0.07405323\n",
      "   0.08414387  0.10096841  0.14377726  0.26304982  0.29108732  0.45993613\n",
      "   0.71985284  1.          0.50897584  0.29576424  0.24790569  0.16843551\n",
      "   0.15060853]\n",
      " [ 0.04856311  0.04849644  0.05009644  0.04675731  0.05010303  0.05010303\n",
      "   0.05707852  0.05867852  0.06207852  0.06708432  0.0707141   0.0723141\n",
      "   0.08080474  0.09267264  0.12885817  0.19658666  0.22462416  0.25113412\n",
      "   0.28577596  0.50897584  1.          0.61983243  0.26151542  0.17524386\n",
      "   0.15741688]\n",
      " [ 0.05030224  0.05183557  0.05525375  0.05191462  0.06006692  0.06006692\n",
      "   0.0653743   0.0669743   0.07211343  0.08192435  0.08373595  0.0818453\n",
      "   0.09033595  0.10402203  0.14020756  0.20793605  0.25854412  0.22629083\n",
      "   0.25081358  0.29576424  0.61983243  1.          0.49672721  0.27230242\n",
      "   0.19238978]\n",
      " [ 0.05197472  0.05350806  0.05350224  0.05016311  0.0583154   0.0583154\n",
      "   0.06195612  0.06355612  0.06869525  0.07850617  0.08031777  0.0802453\n",
      "   0.08873595  0.10562203  0.13506263  0.16007749  0.21068556  0.17843227\n",
      "   0.20295502  0.24790569  0.26151542  0.49672721  1.          0.44994304\n",
      "   0.31617024]\n",
      " [ 0.05204137  0.0535747   0.05694698  0.05190224  0.05838642  0.05838642\n",
      "   0.06187706  0.06347706  0.06354373  0.07335466  0.07516625  0.07509379\n",
      "   0.0818453   0.09873138  0.12817199  0.12643286  0.17522274  0.14470858\n",
      "   0.15965422  0.16843551  0.17524386  0.27230242  0.44994304  1.\n",
      "   0.60437868]\n",
      " [ 0.05552622  0.05545955  0.06046482  0.05378709  0.05709284  0.05709284\n",
      "   0.06047194  0.05866614  0.05873281  0.0637386   0.06381107  0.06207194\n",
      "   0.06722345  0.08410953  0.11355014  0.11355014  0.13496433  0.13838251\n",
      "   0.14356637  0.15060853  0.15741688  0.19238978  0.31617024  0.60437868\n",
      "   1.        ]]\n"
     ]
    }
   ],
   "source": [
    "from sklearn import metrics\n",
    "\n",
    "K=metrics.pairwise.pairwise_kernels(X, metric='linear')\n",
    "print K"
   ]
  },
  {
   "cell_type": "markdown",
   "metadata": {},
   "source": [
    "visualize it as a picture is worth thousand words..."
   ]
  },
  {
   "cell_type": "code",
   "execution_count": 10,
   "metadata": {
    "collapsed": false
   },
   "outputs": [
    {
     "data": {
      "image/png": "iVBORw0KGgoAAAANSUhEUgAAAdwAAAHaCAYAAACq+vjoAAAABHNCSVQICAgIfAhkiAAAAAlwSFlz\nAAALEgAACxIB0t1+/AAAGD9JREFUeJzt3XusZAd9H/DvuY/d9a4NZm0wxjaYUkiNAdnmWWzs2woI\naaVAWqWEKo2BENGEBpQ2wrBrxBJYhfCoqFrlIYGDyYOqURpEpTYxRKyBRqUxBgwE81DMs2ADCdhm\n/di99/SPe20Ws3t3fec3v3sZPh9ptTOzZ7/zmzNn5jtn7tw5CQAAAAAAAAAAAABApWFawSdn/tO3\nZ/mx08oHgC3o2iRLR/uHqRVuknFfHrPuAh/It/JPcvq6y1z5qlNLhpl77uNLcnLuRSUxw0nr3+5K\n+37zT7Lv1T+7/kILOye/ooUdk2ckydxiTc4wV5OzsnzcRfa9/p3Z95oXrr/Q3HzNPFUP26r1U+L4\nt2nf696efa99yXFipvmUtgFD0X3edF/t2/d72bfvpS3XlXGl53pO1DhWpHx+mH/qo3OMDXorPeIA\nYGYpXABosKmFe24K3sbkuJYu8aP0aVu69ILNHmHmLV1W8+Mcjm1p6YmbPcJMm6Rwn5PkxiSfT3LF\nRgIeqXBbLD3j/M0eYeYtXaZwp21pSeFO29LSkzZ7hJm20cKdT/Jfslq6j03ygiTnVQ0FALNmo4X7\nlCRfSPLFJIeS/Nckzy2aCQBmzkYL96wkXzni/FfXLgMAjmJhg//vhH5h6QP51r2nz81OP7MFYKYc\nOPDRHLj2+iTJwYN3nrbeshst3K8lOeeI8+dkdS/3BxzvSy0A4EfZ0tITj/x097ff/JY/3H2sZTf6\nlvJ1SR6d5Nwk25I8P8l7N5gFADNvo3u4h5P8uyR/kdVPLL8jyWeqhgKAWbPRwk2S/7X2BwA4Dl/t\nCAANFC4ANFC4ANBA4QJAg0k+NHVce6+Y/ODx+3/rOwWTJHtvvq4kZ+5ffOv4C52A8UnPLsmpMmw7\nefKQlYKMJJnbVpMzv70mZ+VQTc580e0aih62cwU5W+og9rTYageO/xHi0QIADRQuADRQuADQQOEC\nQAOFCwANFC4ANFC4ANBA4QJAA4ULAA0ULgA0ULgA0EDhAkADhQsADRQuADRQuADQQOECQAOFCwAN\nFqYZPv/cx0+csecb1xVMkux/5x0lOXt3fLkkZ+5Rf1uSU2Xc/aiJM4a5os1p5XBNzri8tXLm5mty\nqozDZk/wfUPRa/+xJqZO0bZTpWI9j0UreSja/qrmyUpRzrHZwwWABgoXABooXABooHABoIHCBYAG\nChcAGihcAGigcAGggcIFgAYKFwAaKFwAaKBwAaCBwgWABgoXABooXABooHABoIHCBYAGC1NNf+RF\nE0fM/8tvFgyS7NnxlZKc/b/7vZKcKy+4viSnynDhrRNnjGc/vmCSZNj+wJKczM3X5AxVD5Oq17dD\nUUzBPBUZq0FFMUU5VfdV1Txl67nAlrtNK0U5Rc8X69hC9yIAzC6FCwANFC4ANFC4ANBA4QJAA4UL\nAA0ULgA0ULgA0EDhAkADhQsADRQuADRQuADQQOECQAOFCwANFC4ANFC4ANBA4QJAg4Vphg8nnT5x\nxvjknyyYJJl/1N+W5Oy98PqSnNf/26+V5AwlKcmVV0++KQzbdxRMkowPOrskJ9sfUBIzbKvJScaa\nmKHodfK4MnnGXNFTSNVtGuaLcqr2RaqeYgvuq6Tmdo3Lk2dU5pSZ/v6nPVwAaKBwAaCBwgWABgoX\nABooXABooHABoIHCBYAGChcAGihcAGigcAGggcIFgAYKFwAaKFwAaKBwAaCBwgWABgoXABooXABo\nsLDZA7QZtlRMMhbFlA0EwDTZwwWABgoXABooXABoMOnPcL+Y5NYky0kOJXnKpAMBwCyatHDHJEtJ\n/m7yUQBgdlW8pexzsgBwHJMW7pjk/UmuS/JLk48DALNp0reUL07y9SQPTvK+JDcm+dCkQwHArJm0\ncL++9vc3k/xZVj80dW/h7vvNP7l3waVLHpulZ5w/4dUBwNZx4MBHc+Da65MkBw/eedp6y05SuDuT\nzCe5LcmuJM9O8rojF9j36p+dIB4AtralpSdmaemJ95z99pvf8oe7j7XsJIV7Rlb3au/J+aMk10yQ\nBwAza5LCvSnJBVWDAMAs801TANBA4QJAA4ULAA0ULgA0ULgA0GDSL744TvrOiSOGbScXDJKMux9V\nkjNcdGtJzmuurln1Y0lK8obLvzRxxt5XfqdgkmR43Kk1OaefUpIzPuyskpzhnCeX5JR9ffmObZNn\njF6zr2+5KKfoPh8LnjEqMraiYWXqV+HRAgANFC4ANFC4ANBA4QJAA4ULAA0ULgA0ULgA0EDhAkAD\nhQsADRQuADRQuADQQOECQAOFCwANFC4ANFC4ANBA4QJAgykfgH7H5BkrNQegH+aKDvh+9uNLcobt\nBesmyVB0LOg9vz75weP3v+m7BZMke3/hrpKc/LP5kphh1+TrJknGhx0qyRnmF0tyMk7/gNtsNRX3\nedUB6IeinB8d9nABoIHCBYAGChcAGihcAGigcAGggcIFgAYKFwAaKFwAaKBwAaCBwgWABgoXABoo\nXABooHABoIHCBYAGChcAGihcAGigcAGgwcJU0+cWCzK2TZ6RJCuHS2KG7Q8syRkfdHZJTpW5J5w6\nccaen7+rYJJk/7vuLMn5letvLMnZ/crlkpzhH95ekjNmZ0nOsHJ3SU6JufmanKHoKa1qV2QoChrH\nmpwMk0eMK5NnJHXrpuI2NbGHCwANFC4ANFC4ANBA4QJAA4ULAA0ULgA0ULgA0EDhAkADhQsADRQu\nADRQuADQQOECQAOFCwANFC4ANFC4ANBA4QJAA4ULAA0Wppo+FPT5/PbJM5JkXK7JmZuvydn+gJqc\nIsPpp0ycMffPa9bNL3/sxpKc3/7UtpKcvX/1rZKc4ZLbSnKyUrUtF6yfqsfn4sk1OVW7EGPR43xc\nqcmpUvGcvHJ48owkGYainKo7fbp1mNjDBYAWChcAGihcAGigcAGggcIFgAYKFwAaKFwAaKBwAaCB\nwgWABgoXABooXABooHABoIHCBYAGChcAGihcAGigcAGggcIFgAbTPcT9ynJBxqHJM5JkLJglSYaa\nVTZse0BJTpXxYWdNnDHs+k7BJMlpr6y5r/b872+V5Oz/3e+V5Fz51AMlOcPTn1ySMy7sKAhZmTwj\nyTBX9VRUcJuSZJivyUlVTpGi+6vEONbkDDUxHezhAkADhQsADRQuADRQuADQ4EQK96okNyf55BGX\n7U7yviSfS3JNklPrRwOA2XEihfv7SZ5zn8teldXCfUySv1w7DwAcw4kU7oeS/P19LvvpJFevnb46\nyfMqhwKAWbPRn+GekdW3mbP29xk14wDAbKr4bfNx7c8P2ff6d957eunSC7J02QUFVwcAW8OBA9fn\nwLXXJ0kOHrzrtPWW3Wjh3pzkoUm+keTMJLccbaF9r3nhBuMBYOtbWrooS0sX3XP2229+6x/tPtay\nG31L+b1JLl87fXmS92wwBwB+LJxI4b47yV8l+YkkX0nyoiRvTPKsrP5a0D9dOw8AHMOJvKX8gmNc\n/szKQQBglvmmKQBooHABoIHCBYAGChcAGgxTzB7HQx+cPGX5rskzkmRcrsmpeo1y+Hs1OVUO3TZx\nxLh8qGCQJIdur8m589aSmJVrry3J2f/iL5fk7H3Lg0ty5i593OQhO3dOnpEkpz+mJmd+e0nMcNJD\nSnKysKsmZ26+JqfiKX/l8OQZSTIU1c9Q9Jw8VHwPVD4/LDz90TnGiraHCwANFC4ANFC4ANBA4QJA\nA4ULAA0ULgA0ULgA0EDhAkADhQsADRQuADRQuADQQOECQAOFCwANFC4ANFC4ANBA4QJAA4ULAA1K\nDnF/bEc96P39jJjyiPdbwW1KkmGrvdaZ/HYN84sFcyRjdpbkZGW5JGbu6U8uydnzpjtKcvb/+jdL\ncva+4rqJM4aHn1QwSTKc96WSnJz/tJqchV01OfPba3JWxpqciuevseZxlbKbNF+TM1+Us46t9qwP\nADNJ4QJAA4ULAA0ULgA0ULgA0EDhAkADhQsADRQuADRQuADQQOECQAOFCwANFC4ANFC4ANBA4QJA\nA4ULAA0ULgA0mO7R3SsOsj5XNOK4xQ4cP67U5FTZsW3yjKLbNKzcXZKTuYLblGRc2FGSM3/Z40py\n9rx88gPHJ8n+/3TbxBl7ryg6aPfD7yiJGQ7dXpKTlbtqcpaLcqqeBysO1r5yePKMSkPVc+lYlHNs\n9nABoIHCBYAGChcAGihcAGigcAGggcIFgAYKFwAaKFwAaKBwAaCBwgWABgoXABooXABooHABoIHC\nBYAGChcAGihcAGigcAGgwcJmD3BcwxZ7TVA1z9wWW/XjFlvPFea31+SMKzU5u3aWxMw94qSSnD2v\nnJ84Y/9vfadgkmTvS+4uyRkeclNJzri4qyRnGCZfx6tBRTlzi5NnrByePCNJ5mZw3RzvKqZ+DQCA\nwgWADgoXABooXABooHABoIHCBYAGChcAGihcAGigcAGggcIFgAYKFwAaKFwAaKBwAaCBwgWABgoX\nABooXABooHABoMHCdOOH6cbfH0PVa4ui21Q2zwyam6/JWTy5JGaYq3mYjKc/piRnOO9LJTlzD79j\n4ow9L767YJJk/9sPluTsXbmhJGfu+ZOvmyQZH/ndkpwMRY+JXQ+dPGM8PHlGkmHHg0pysnhKTU4D\nz/oA0EDhAkADhQsADRQuADQ4kcK9KsnNST55xGX7knw1ycfW/jynfDIAmCEnUri/nx8u1DHJf0xy\n4dqfPy+eCwBmyokU7oeS/P1RLt9Cv/MDAFvbJD/D/dUkn0jyjiSn1owDALNpo7/R/ztJfmPt9OuT\nvDXJL953oX2ve/u9p5cuuyhLSxdt8OoAYOs58MEbcuBDqx9xOnjwrtPWW3ajhXvLEaffnuR/HG2h\nfa99yQbjAWDrW7r0CVm69An3nP32m9/233cfa9mNvqV85hGnfyY/+AlmAOA+TmQP991JLktyepKv\nJHltkqUkF2T108o3JXnplOYDgJlwIoX7gqNcdlX1IAAwy3zTFAA0ULgA0EDhAkADhQsADTb6e7gn\nZthC3/44FuVU3aZhviZnFg1Fm2XZy8kdNTHz22tyzn9aScxw6PaJM+YffFPBJMmelRtKcvZfdUdJ\nzt47P1uSM3fFWSU5WVysyTlcsH7unny7SZJxLHpSXj5UEjNsf2BJznrs4QJAA4ULAA0ULgA0ULgA\n0EDhAkADhQsADRQuADRQuADQQOECQAOFCwANFC4ANFC4ANBA4QJAA4ULAA0ULgA0ULgA0EDhAkCD\nhc0e4EdP0WuUwWudY6paNeN8Tc5QkzOc9JCSnCzsqslZuWviiHGxZpb5n7ujJGfPnZ8tydn/x5Ov\nmyTZ+xMfKckZHnFyTc6ll04esrhz8owk2Vaz7QxF22DGlZqcdXjWB4AGChcAGihcAGigcAGggcIF\ngAYKFwAaKFwAaKBwAaCBwgWABgoXABooXABooHABoIHCBYAGChcAGihcAGigcAGggcIFgAYLU00f\n5qcaf/8s18QMQ03OlFf9/Ve0fioMRa8Dx5WanBRtx0PRfT6/vSZn+a6JI4aix/j4D75bkjP/qrNK\ncvb8o4+U5Ox/7d+V5PzK475RknPaUy+cPKRo88vhO2tyqh4Pc1U3bJ2rmPo1AAAKFwA6KFwAaKBw\nAaCBwgWABgoXABooXABooHABoIHCBYAGChcAGihcAGigcAGggcIFgAYKFwAaKFwAaKBwAaCBwgWA\nBgtTTR9msM/LbtNKUU6VYbMH+L5x3OwJpmNuviZnpWj9zBU8/Iei21SVs22xJGbuESeX5Pzy+d8o\nyfntT20rybnymv8zccbwzKcUTFJnXKy5r4ZhuSRnPTPYiACw9ShcAGigcAGggcIFgAYKFwAaKFwA\naKBwAaCBwgWABgoXABooXABooHABoIHCBYAGChcAGihcAGigcAGggcIFgAbTPOr4OI7XTTGeUisV\nB19eKchI4QHoi3LGottVZeVwTc5YkHP3rZNnJBm/V3Og9hy+oyjnYE3OnTXrZ+UvPlKSs//Xbp44\nY++/3lEwSTL3G88ryckDHlESM8xvq4j5/LD73zw6x+hWe7gA0EDhAkADhQsADRQuADQ4XuGek+QD\nST6d5FNJXr52+e4k70vyuSTXJDl1WgMCwCw4XuEeSvJrSc5P8rQkL0tyXpJXZbVwH5PkL9fOAwDH\ncLzC/UaSj6+dvj3JZ5KcleSnk1y9dvnVSYo+3w0As+n+/Az33CQXJvlIkjOS3PMLXTevnQcAjmHh\nBJc7OcmfJnlFktvu829jjvENA/v2/d69p5eWnpilpSdtYEQA2JoOfPgzOfDhzyRJDt5x12nrLXsi\nhbuY1bL9gyTvWbvs5iQPzepbzmcmueVo/3Hfvpee2MQA8CNo6ZLzsnTJefec/fab//P/3H2sZY/3\nlvKQ5B1J/ibJ2464/L1JLl87fXm+X8QAwFEcbw/34iQ/n+SGJB9bu+zVSd6Y5L8l+cUkX0zyr6Y0\nHwDMhOMV7odz7L3gZxbPAgAzyzdNAUADhQsADRQuADRQuADQ4ES/+GLzjCtFOUf9bo77bxhqcsbl\nmpwqJeunaB1X3ecrh2tytpqqbadi/VSt47Eo5+7ba3IWd9bk7KiJmXvWU0py9vzcNRNn7P/jOwsm\nSa68+NqSnOFZF5fkjKecXZKzHnu4ANBA4QJAA4ULAA0ULgA0ULgA0EDhAkADhQsADRQuADRQuADQ\nQOECQAOFCwANFC4ANFC4ANBA4QJAA4ULAA0ULgA0ULgA0GBhqunjylTj75dhKMopeo0yLtfkbClb\nbB1X3efjWJNTNk9NTIm5+ZKYYceDSnLGqvtq266anMN31uQUmX/98ybO2HvxBwsmSd7wsq+X5Fz5\nrr8uyRnO/25Jznrs4QJAA4ULAA0ULgA0ULgA0EDhAkADhQsADRQuADRQuADQQOECQAOFCwANFC4A\nNFC4ANBA4QJAA4ULAA0ULgA0ULgA0EDhAkCDhc0eoM04FgWtFOVwbENRTNHryaJxygzzRTkF23LV\nLIun1OQsHyqJGRZ3leRkfntJzLh4cklOxsnv87mfXC4YJNl79V+X5LzhF75UkrP3RbeU5KzHHi4A\nNFC4ANBA4QJAA4ULAA0ULgA0ULgA0EDhAkADhQsADRQuADRQuADQQOECQAOFCwANFC4ANFC4ANBA\n4QJAA4ULAA0ULgA0WJhq+jhONf7+WSnKmS/K2WKvdYaq9bOVTHfz3jTzVdtgweNzbnHyjELD9gfW\nBI1Fj4e57SUxw7BckpNx8pzxlLMLBknmzv9uSc6eF95SkvOGq+4oyVnPFnvWB4DZpHABoIHCBYAG\nChcAGihcAGigcAGggcIFgAYKFwAaKFwAaKBwAaCBwgWABgoXABooXABosKmFe+DARzfz6n9sWM/T\nd+DA9Zs9wsw78MEbNnuEmXfgw5/Z7BFm2uYW7rWepDpYz9NnHU/fgQ99crNHmHkKd7q8pQwADaZ9\nhO51X/bfeuv3zkzy9SnP8GPPep6+W287aB1P2a233mEdT9mtt1nHE/pykkcf6x+HKV7xgSSXTTEf\nALaaa5MsbfYQAAAAAAAAAGxdz0lyY5LPJ7lik2eZVV9MckOSjyX5v5s7yky5KsnNSY78xdDdSd6X\n5HNJrkly6ibMNUuOto73JflqVrfnj2X1OYSNOyfJB5J8Osmnkrx87XLb8oyZT/KFJOcmWUzy8STn\nbeZAM+qmrD54qPWMJBfmB8vgTUleuXb6iiRv7B5qxhxtHb82yb/fnHFm0kOTXLB2+uQkn83q87Bt\necb84yR/fsT5V639odZNSU7b7CFm1Ln5wTK4MckZa6cfunaeyZybHy7c/7A5o/xYeE+SZ8a2PDWb\n9U1TZyX5yhHnv7p2GbXGJO9Pcl2SX9rkWWbdGVl9CzRrf5+xzrJs3K8m+USSd8RbnZXOzeo7Ch+J\nbXlqNqtwx0263h83F2f1QfRTSV6W1bfpmL4xtvFp+J0kj8zq26BfT/LWzR1nZpyc5E+TvCLJbff5\nN9tyoc0q3K9l9Qf29zgnq3u51LrnK9q+meTPkjxlE2eZdTdn9e23JDkzyS2bOMusuiXfL4C3x/Zc\nYTGrZfsHWX1LObEtT81mFe51Wf2+yXOTbEvy/CTv3aRZZtXOJKesnd6V5Nn5wZ+HUeu9SS5fO315\nvv/kRZ0zjzj9M7E9T2rI6lvzf5PkbUdcblueQT+V1U/FfSHJqzd5lln0yKx++vvjWf3Iv3Vc591J\n/l+Su7P6WYQXZfXT4O+PX6Woct91/OIk78rqr7l9Iqsl4GeLk7kkyUpWnyOO/FUr2zIAAAAAAAAA\nAAAAAAAAANDm/wPT7EuKqc5zOQAAAABJRU5ErkJggg==\n",
      "text/plain": [
       "<matplotlib.figure.Figure at 0x112f8c3d0>"
      ]
     },
     "metadata": {},
     "output_type": "display_data"
    }
   ],
   "source": [
    "import pylab as plt\n",
    "plt.figure( figsize=(8,8) )\n",
    "img = plt.imshow( K, interpolation='none', cmap=plt.get_cmap( 'YlOrRd' ) )\n",
    "plt.show()"
   ]
  }
 ],
 "metadata": {
  "kernelspec": {
   "display_name": "Python 2",
   "language": "python",
   "name": "python2"
  },
  "language_info": {
   "codemirror_mode": {
    "name": "ipython",
    "version": 2
   },
   "file_extension": ".py",
   "mimetype": "text/x-python",
   "name": "python",
   "nbconvert_exporter": "python",
   "pygments_lexer": "ipython2",
   "version": "2.7.6"
  }
 },
 "nbformat": 4,
 "nbformat_minor": 0
}
