{
 "metadata": {
  "name": "",
  "signature": "sha256:95c885ca784091eb2bfd8de55a660e03be5ee13fb4d5c61b82b6580ca5036c32"
 },
 "nbformat": 3,
 "nbformat_minor": 0,
 "worksheets": [
  {
   "cells": [
    {
     "cell_type": "markdown",
     "metadata": {},
     "source": [
      "#Example\n",
      "\n",
      "Consider sequences that are increasingly different. EDeN allows to turn them into vectors, whose similarity is decreasing."
     ]
    },
    {
     "cell_type": "code",
     "collapsed": false,
     "input": [
      "%matplotlib inline"
     ],
     "language": "python",
     "metadata": {},
     "outputs": [],
     "prompt_number": 1
    },
    {
     "cell_type": "markdown",
     "metadata": {},
     "source": [
      "Build an artificial dataset: starting from the string 'abcdefghijklmnopqrstuvwxyz', generate iteratively strings by swapping two characters at random. In this way instances are progressively more dissimilar"
     ]
    },
    {
     "cell_type": "code",
     "collapsed": false,
     "input": [
      "import random\n",
      "\n",
      "def make_data(size):\n",
      "    text = ''.join([str(unichr(97+i)) for i in range(26)])\n",
      "    seqs = []\n",
      "\n",
      "    def swap_two_characters(seq):\n",
      "        '''define a function that swaps two characters at random positions in a string '''\n",
      "        line = list(seq)\n",
      "        id_i = random.randint(0,len(line)-1)\n",
      "        id_j = random.randint(0,len(line)-1)\n",
      "        line[id_i], line[id_j] = line[id_j], line[id_i]\n",
      "        return ''.join(line)\n",
      "\n",
      "    for i in range(size):\n",
      "        text = swap_two_characters( text )\n",
      "        seqs.append( text )\n",
      "        print text\n",
      "        \n",
      "    return seqs"
     ],
     "language": "python",
     "metadata": {},
     "outputs": [],
     "prompt_number": 2
    },
    {
     "cell_type": "code",
     "collapsed": false,
     "input": [
      "seqs = make_data(25)"
     ],
     "language": "python",
     "metadata": {},
     "outputs": [
      {
       "output_type": "stream",
       "stream": "stdout",
       "text": [
        "abcdefghijklmnopzrstuvwxyq\n",
        "abcdyfghijklmnopzrstuvwxeq\n",
        "abcdyfhgijklmnopzrstuvwxeq\n",
        "abcdyfhgizklmnopjrstuvwxeq\n",
        "abcdyfhgizklmnvpjrstuowxeq\n",
        "abcdyfhgizxlmnvpjrstuowkeq\n",
        "azcdyfhgibxlmnvpjrstuowkeq\n",
        "azcdyfhgibxomnvpjrstulwkeq\n",
        "azcdyfhgibxomuvpjrstnlwkeq\n",
        "xzcdyfhgibaomuvpjrstnlwkeq\n",
        "xzcdyfhtibaomuvpjrsgnlwkeq\n",
        "xzcdyfhtibaomuvpjrsgnkwleq\n",
        "xzcdyfrtibaomuvpjhsgnkwleq\n",
        "xzcayfrtibdomuvpjhsgnkwleq\n",
        "xscayfrtibdomuvpjhzgnkwleq\n",
        "xscayfrtibdomujpvhzgnkwleq\n",
        "xscaynrtibdomujpvhzgfkwleq\n",
        "iscaynrtxbdomujpvhzgfkwleq\n",
        "isjaynrtxbdomucpvhzgfkwleq\n",
        "injaysrtxbdomucpvhzgfkwleq\n",
        "injaysrtxbdomgcpvhzufkwleq\n",
        "injaysrtxbdomgcpvfzuhkwleq\n",
        "injaysrtxbdomgcpvfzlhkwueq\n",
        "injaysrtxdbomgcpvfzlhkwueq\n",
        "injaysrtudbomgcpvfzlhkwxeq\n"
       ]
      }
     ],
     "prompt_number": 3
    },
    {
     "cell_type": "markdown",
     "metadata": {},
     "source": [
      "define a function that builds a graph from a string, i.e. the path graph with the characters as node labels"
     ]
    },
    {
     "cell_type": "code",
     "collapsed": false,
     "input": [
      "import networkx as nx\n",
      "\n",
      "def sequence_to_graph(seq):\n",
      "    '''convert a sequence into a EDeN 'compatible' graph\n",
      "    i.e. a graph with the attribute 'label' for every node and edge'''\n",
      "    G = nx.Graph()\n",
      "    for id,character in enumerate(seq):\n",
      "        G.add_node(id, label = character )\n",
      "        if id > 0:\n",
      "            G.add_edge(id-1, id, label = '-')\n",
      "    return G"
     ],
     "language": "python",
     "metadata": {},
     "outputs": [],
     "prompt_number": 4
    },
    {
     "cell_type": "markdown",
     "metadata": {},
     "source": [
      "make a generator that yields graphs: generators are 'good' as they allow functional composition"
     ]
    },
    {
     "cell_type": "code",
     "collapsed": false,
     "input": [
      "def pre_process(iterable):\n",
      "    for seq in iterable:\n",
      "        yield sequence_to_graph(seq)"
     ],
     "language": "python",
     "metadata": {},
     "outputs": [],
     "prompt_number": 5
    },
    {
     "cell_type": "markdown",
     "metadata": {},
     "source": [
      "initialize the vectorizer object with the desired 'resolution'"
     ]
    },
    {
     "cell_type": "code",
     "collapsed": false,
     "input": [
      "%%time\n",
      "from eden.graph import Vectorizer\n",
      "vectorizer = Vectorizer( r=2, d=4 )"
     ],
     "language": "python",
     "metadata": {},
     "outputs": [
      {
       "output_type": "stream",
       "stream": "stdout",
       "text": [
        "CPU times: user 152 ms, sys: 53.1 ms, total: 205 ms\n",
        "Wall time: 187 ms\n"
       ]
      }
     ],
     "prompt_number": 6
    },
    {
     "cell_type": "markdown",
     "metadata": {},
     "source": [
      "obtain an iterator over the sequences processed into graphs"
     ]
    },
    {
     "cell_type": "code",
     "collapsed": false,
     "input": [
      "%%time\n",
      "graphs = pre_process( seqs )"
     ],
     "language": "python",
     "metadata": {},
     "outputs": [
      {
       "output_type": "stream",
       "stream": "stdout",
       "text": [
        "CPU times: user 4 \u00b5s, sys: 2 \u00b5s, total: 6 \u00b5s\n",
        "Wall time: 8.11 \u00b5s\n"
       ]
      }
     ],
     "prompt_number": 7
    },
    {
     "cell_type": "markdown",
     "metadata": {},
     "source": [
      "compute the vector encoding of each instance in a sparse data matrix"
     ]
    },
    {
     "cell_type": "code",
     "collapsed": false,
     "input": [
      "%%time\n",
      "X = vectorizer.transform( graphs )\n",
      "print 'Instances: %d ; Features: %d with an avg of %d features per instance' % (X.shape[0], X.shape[1],  X.getnnz()/X.shape[0])"
     ],
     "language": "python",
     "metadata": {},
     "outputs": [
      {
       "output_type": "stream",
       "stream": "stdout",
       "text": [
        "Instances: 25 ; Features: 1048577 with an avg of 360 features per instance\n",
        "CPU times: user 108 ms, sys: 51.9 ms, total: 160 ms\n",
        "Wall time: 262 ms\n"
       ]
      }
     ],
     "prompt_number": 8
    },
    {
     "cell_type": "markdown",
     "metadata": {},
     "source": [
      "compute the pairwise similarity as the dot product between the vector representations of each sequence"
     ]
    },
    {
     "cell_type": "code",
     "collapsed": false,
     "input": [
      "from sklearn import metrics\n",
      "\n",
      "K=metrics.pairwise.pairwise_kernels(X, metric='linear')\n",
      "print K"
     ],
     "language": "python",
     "metadata": {},
     "outputs": [
      {
       "output_type": "stream",
       "stream": "stdout",
       "text": [
        "[[ 1.          0.71109402  0.58995578  0.33983169  0.22161755  0.19389271\n",
        "   0.1621833   0.1482459   0.13491369  0.12900547  0.11833026  0.11240141\n",
        "   0.10695696  0.09884585  0.092917    0.08432148  0.07816074  0.07513043\n",
        "   0.07779924  0.0777971   0.07802899  0.08092754  0.08395784  0.08105929\n",
        "   0.0922007 ]\n",
        " [ 0.71109402  1.          0.76238796  0.51213212  0.32311652  0.26576197\n",
        "   0.19518874  0.18125134  0.16488882  0.15595031  0.14527509  0.13934624\n",
        "   0.13390179  0.11532914  0.10940029  0.10080477  0.09197737  0.08894706\n",
        "   0.08883809  0.08883595  0.08906784  0.09196639  0.09499669  0.09209814\n",
        "   0.1239101 ]\n",
        " [ 0.58995578  0.76238796  1.          0.63037181  0.4413562   0.37794105\n",
        "   0.27239989  0.25543218  0.23906966  0.23013114  0.16406996  0.16420172\n",
        "   0.13706385  0.1184912   0.11256235  0.10976393  0.09826986  0.09523955\n",
        "   0.09223203  0.09222989  0.08919959  0.08906784  0.09209814  0.09512844\n",
        "   0.12694041]\n",
        " [ 0.33983169  0.51213212  0.63037181  1.          0.64236127  0.47863572\n",
        "   0.32513983  0.30514182  0.26891304  0.25997453  0.18300625  0.183138\n",
        "   0.1455386   0.12696595  0.11522901  0.10953204  0.09803797  0.09500767\n",
        "   0.09513058  0.09222989  0.08919959  0.08906784  0.09209814  0.09512844\n",
        "   0.12694041]\n",
        " [ 0.22161755  0.32311652  0.4413562   0.64236127  1.          0.67404638\n",
        "   0.52055049  0.39662481  0.29653532  0.2875968   0.20506331  0.20519506\n",
        "   0.15668856  0.13811591  0.12334867  0.11754059  0.10604652  0.10301622\n",
        "   0.09779724  0.09489656  0.09186625  0.0917345   0.09766336  0.10069366\n",
        "   0.13250562]\n",
        " [ 0.19389271  0.26576197  0.37794105  0.47863572  0.67404638  1.\n",
        "   0.70819547  0.45214253  0.33742853  0.31954052  0.23397672  0.21052839\n",
        "   0.15899159  0.14041894  0.12298503  0.11717695  0.10568288  0.10555113\n",
        "   0.10033216  0.09749662  0.09446631  0.09736486  0.10329372  0.10336033\n",
        "   0.10602699]\n",
        " [ 0.1621833   0.19518874  0.27239989  0.32513983  0.52055049  0.70819547\n",
        "   1.          0.63340211  0.51262751  0.38651103  0.26158802  0.23813969\n",
        "   0.17813912  0.14888271  0.12855025  0.12274217  0.1142784   0.11414665\n",
        "   0.10892768  0.10306183  0.10003153  0.10293008  0.10885893  0.10336033\n",
        "   0.10602699]\n",
        " [ 0.1482459   0.18125134  0.25543218  0.30514182  0.39662481  0.45214253\n",
        "   0.63340211  1.          0.63340211  0.44583906  0.31207767  0.26028833\n",
        "   0.20028776  0.17103135  0.1506989   0.14199226  0.1335285   0.13049819\n",
        "   0.12527922  0.11644968  0.11644968  0.11934823  0.11121891  0.10590622\n",
        "   0.10857289]\n",
        " [ 0.13491369  0.16488882  0.23906966  0.26891304  0.29653532  0.33742853\n",
        "   0.51262751  0.63340211  1.          0.72964603  0.44280876  0.36014351\n",
        "   0.26322705  0.23397064  0.21086041  0.16707963  0.14721337  0.14128452\n",
        "   0.13026844  0.13026631  0.11644968  0.11934823  0.11121891  0.10590622\n",
        "   0.10590622]\n",
        " [ 0.12900547  0.15595031  0.23013114  0.25997453  0.2875968   0.31954052\n",
        "   0.38651103  0.44583906  0.72964603  1.          0.62141265  0.53874741\n",
        "   0.41507425  0.25280436  0.21666849  0.17288771  0.15302145  0.14164815\n",
        "   0.13063208  0.13062994  0.11681332  0.11971187  0.11158255  0.10893652\n",
        "   0.10590622]\n",
        " [ 0.11833026  0.14527509  0.16406996  0.18300625  0.20506331  0.23397672\n",
        "   0.26158802  0.31207767  0.44280876  0.62141265  1.          0.80968836\n",
        "   0.48871298  0.29520354  0.24790804  0.20122871  0.17591801  0.15628364\n",
        "   0.14259876  0.14526543  0.12551995  0.1284185   0.12028918  0.11183507\n",
        "   0.10880477]\n",
        " [ 0.11240141  0.13934624  0.16420172  0.183138    0.20519506  0.21052839\n",
        "   0.23813969  0.26028833  0.36014351  0.53874741  0.80968836  1.\n",
        "   0.62141265  0.42790321  0.35529702  0.30861768  0.22758657  0.2079522\n",
        "   0.19426732  0.19693399  0.17138043  0.17427898  0.12621803  0.11776393\n",
        "   0.11473362]\n",
        " [ 0.10695696  0.13390179  0.13706385  0.1455386   0.15668856  0.15899159\n",
        "   0.17813912  0.20028776  0.26322705  0.41507425  0.48871298  0.62141265\n",
        "   1.          0.66002706  0.44911223  0.37445553  0.26114868  0.23350576\n",
        "   0.21422648  0.21422648  0.18286484  0.17995531  0.13189436  0.12344026\n",
        "   0.12040995]\n",
        " [ 0.09884585  0.11532914  0.1184912   0.12696595  0.13811591  0.14041894\n",
        "   0.14888271  0.17103135  0.23397064  0.25280436  0.29520354  0.42790321\n",
        "   0.66002706  1.          0.69910456  0.56986619  0.37458728  0.28613459\n",
        "   0.25556393  0.25556393  0.21329519  0.21038566  0.16232472  0.13180389\n",
        "   0.12877359]\n",
        " [ 0.092917    0.10940029  0.11256235  0.11522901  0.12334867  0.12298503\n",
        "   0.12855025  0.1506989   0.21086041  0.21666849  0.24790804  0.35529702\n",
        "   0.44911223  0.69910456  1.          0.76311523  0.44820047  0.32236205\n",
        "   0.28099541  0.27809685  0.22756704  0.22199084  0.1739299   0.14340907\n",
        "   0.14037877]\n",
        " [ 0.08432148  0.10080477  0.10976393  0.10953204  0.11754059  0.11717695\n",
        "   0.12274217  0.14199226  0.16707963  0.17288771  0.20122871  0.30861768\n",
        "   0.37445553  0.56986619  0.76311523  1.          0.62747326  0.48093875\n",
        "   0.31410098  0.31120243  0.24963376  0.23359603  0.18263653  0.15211571\n",
        "   0.1490854 ]\n",
        " [ 0.07816074  0.09197737  0.09826986  0.09803797  0.10604652  0.10568288\n",
        "   0.1142784   0.1335285   0.14721337  0.15302145  0.17591801  0.22758657\n",
        "   0.26114868  0.37458728  0.44820047  0.62747326  1.          0.73873693\n",
        "   0.51801557  0.48257778  0.30339657  0.23940411  0.18844461  0.15792379\n",
        "   0.15489348]\n",
        " [ 0.07513043  0.08894706  0.09523955  0.09500767  0.10301622  0.10555113\n",
        "   0.11414665  0.13049819  0.14128452  0.14164815  0.15628364  0.2079522\n",
        "   0.23350576  0.28613459  0.32236205  0.48093875  0.73873693  1.\n",
        "   0.67404638  0.56522239  0.37176933  0.30777687  0.25681737  0.17475974\n",
        "   0.15779203]\n",
        " [ 0.07779924  0.08883809  0.09223203  0.09513058  0.09779724  0.10033216\n",
        "   0.10892768  0.12527922  0.13026844  0.13063208  0.14259876  0.19426732\n",
        "   0.21422648  0.25556393  0.28099541  0.31410098  0.51801557  0.67404638\n",
        "   1.          0.7739271   0.42486325  0.34996368  0.29900419  0.21088595\n",
        "   0.19088794]\n",
        " [ 0.0777971   0.08883595  0.09222989  0.09222989  0.09489656  0.09749662\n",
        "   0.10306183  0.11644968  0.13026631  0.13062994  0.14526543  0.19693399\n",
        "   0.21422648  0.25556393  0.27809685  0.31120243  0.48257778  0.56522239\n",
        "   0.7739271   1.          0.64790585  0.57300628  0.52204679  0.37328627\n",
        "   0.32810932]\n",
        " [ 0.07802899  0.08906784  0.08919959  0.08919959  0.09186625  0.09446631\n",
        "   0.10003153  0.11644968  0.11644968  0.11681332  0.12551995  0.17138043\n",
        "   0.18286484  0.21329519  0.22756704  0.24963376  0.30339657  0.37176933\n",
        "   0.42486325  0.64790585  1.          0.71013243  0.65057741  0.42470472\n",
        "   0.37371969]\n",
        " [ 0.08092754  0.09196639  0.08906784  0.08906784  0.0917345   0.09736486\n",
        "   0.10293008  0.11934823  0.11934823  0.11971187  0.1284185   0.17427898\n",
        "   0.17995531  0.21038566  0.22199084  0.23359603  0.23940411  0.30777687\n",
        "   0.34996368  0.57300628  0.71013243  1.          0.74886892  0.51125688\n",
        "   0.45770775]\n",
        " [ 0.08395784  0.09499669  0.09209814  0.09209814  0.09766336  0.10329372\n",
        "   0.10885893  0.11121891  0.11121891  0.11158255  0.12028918  0.12621803\n",
        "   0.13189436  0.16232472  0.1739299   0.18263653  0.18844461  0.25681737\n",
        "   0.29900419  0.52204679  0.65057741  0.74886892  1.          0.76238796\n",
        "   0.58055106]\n",
        " [ 0.08105929  0.09209814  0.09512844  0.09512844  0.10069366  0.10336033\n",
        "   0.10336033  0.10590622  0.10590622  0.10893652  0.11183507  0.11776393\n",
        "   0.12344026  0.13180389  0.14340907  0.15211571  0.15792379  0.17475974\n",
        "   0.21088595  0.37328627  0.42470472  0.51125688  0.76238796  1.\n",
        "   0.67404638]\n",
        " [ 0.0922007   0.1239101   0.12694041  0.12694041  0.13250562  0.10602699\n",
        "   0.10602699  0.10857289  0.10590622  0.10590622  0.10880477  0.11473362\n",
        "   0.12040995  0.12877359  0.14037877  0.1490854   0.15489348  0.15779203\n",
        "   0.19088794  0.32810932  0.37371969  0.45770775  0.58055106  0.67404638\n",
        "   1.        ]]\n"
       ]
      }
     ],
     "prompt_number": 9
    },
    {
     "cell_type": "markdown",
     "metadata": {},
     "source": [
      "visualize it as a picture is worth thousand words..."
     ]
    },
    {
     "cell_type": "code",
     "collapsed": false,
     "input": [
      "import pylab as plt\n",
      "plt.figure( figsize=(8,8) )\n",
      "img = plt.imshow( K, interpolation='none', cmap=plt.get_cmap( 'YlOrRd' ) )\n",
      "plt.show()"
     ],
     "language": "python",
     "metadata": {},
     "outputs": [
      {
       "metadata": {},
       "output_type": "display_data",
       "png": "iVBORw0KGgoAAAANSUhEUgAAAdwAAAHaCAYAAACq+vjoAAAABHNCSVQICAgIfAhkiAAAAAlwSFlz\nAAALEgAACxIB0t1+/AAAGVBJREFUeJzt3X2MZQd5HvDnzMd++2P9ubuOjWkC2IQEGyMUasDTlKTk\nj1LSSo2QSiyIKG0ppCniy1bEOMQNEKWN0qppApga1IAq0TimVVNMxBq3VKks24ABA6aQrI1Z29jF\ndojt3Z3bP2Ywa2d3dr3nnXcml99PWvneO8fPvPfcc+8z586dcxIAAAAAAAAAAAAAgErDWgW/8MLn\nTW7+8u1rFQ8AG9GNSRaO9IU1K9wkk8U8e9UFPp3787dyxqrLvPkFB0uGOfllO0tyZl7zopKc7Hle\nTc78tmMusvje67L49letuswwv338LDObxmckycx8Uc5sTc4wd8xFFt99bRZ/9fJj5MwUzVOVU7B+\nKjKOM2fxqvdn8V2vX32hqsf8h9Ti4u9lcfENqy80War5ZpNJTc5QVGNLFV2zJcPcC5KjdGvRMxcA\nWI3CBYAG61q45+fYb4cy3sKlF6z3CFNv4WXPX+8Rpt7CZS9Y7xGm3sLCJes9wlQbU7ivSHJHkq8l\nefuJBDxT4bZYeInCXWsLl1203iNMPWWw9hYWXrjeI0y1Ey3c2ST/Lsul+9wkr05yYdVQADBtTrRw\nX5TkziTfTHIgyceS/L2imQBg6pxo4Z6TZN9h1+9auQ0AOIJj/4HhkR3XH1B9Ovc/cfn8bPM7WwCm\nyt69t2TvjbesXFu9Uk+0cO9Ocu5h18/N8l7ukxzroBYA8NfZwsILsrDw/U/Qb8lV7/79oy57om8p\n35zkWUnOT7IpyS8kuf4EswBg6p3oHu7BJP88yf/I8ieWP5jky1VDAcC0OdHCTZL/vvIPADgGh3YE\ngAYKFwAaKFwAaKBwAaDBmA9NHdObCk4e/29vqRnxdfftL8nZ86wvleQML9tckpOTziyJmezYPTpj\nqDpx/GzRuqk6OfpM0dOkap4jn9v66atYz2XruChnUvVYFa3jaVR14vjjO37SccQUPVYHHhmfMSyt\n+mV7uADQQOECQAOFCwANFC4ANFC4ANBA4QJAA4ULAA0ULgA0ULgA0EDhAkADhQsADRQuADRQuADQ\nQOECQAOFCwANFC4ANFC4ANBgbi3DT3npztEZr713f8EkyTX7tpXkXPnZB0pyctZXSmKGs+4vycl5\nh0ZHTGY3FwySZGa+KKdm8x627yrJKTNXsy0nkw2SkWRp/PaXJJkZanLK9kWq5ikyFMxTkZGUbTp1\nQUtrnmEPFwAaKFwAaKBwAaCBwgWABgoXABooXABooHABoIHCBYAGChcAGihcAGigcAGggcIFgAYK\nFwAaKFwAaKBwAaCBwgWABgoXABrMrWX4zGteNDrjnGd9qWCS5Ir/9UBJztV/8FhJzpWP/nlJTv7u\ngZKYYefp40M2bx6fkSSbTq7JmSn6efJQzWNeZrZoPU8OFYQMBRlJhtmanA1nUpRTtJ5ZV/ZwAaCB\nwgWABgoXABooXABooHABoIHCBYAGChcAGihcAGigcAGggcIFgAYKFwAaKFwAaKBwAaCBwgWABgoX\nABooXABooHABoMHcmqaf87zREcNlmwsGSWbO+kpJzhWP/nlJztX/5UBJztse2leSs+mhx0dnDBfu\nKpgkyTN+tCZnpmbznhx6tCQnk0lJzDC3rSQnw+z4jJkN9jP7ZKgKKsopmmcoWs9Vd6vC5FBVUFFM\nRc7qGRvs2QIA00nhAkADhQsADRQuADRQuADQQOECQAOFCwANFC4ANFC4ANBA4QJAA4ULAA0ULgA0\nULgA0EDhAkADhQsADRQuADRQuADQYG5N0+e3jc846czxGUmGs+8vyZl55YGSnLc+tK8k5303TEpy\n3vz/7h6dcfJbthZMkgynP1SSk82banIOfK8mZ3ZLTU5qHvNMinKm0WSpJmeYrckpm6dgH6tqlqrt\nuMpcxevX6s9xe7gA0EDhAkADhQsADcb+DvebSR5KcijJgSQvGjsQAEyjsYU7SbKQ5IHxowDA9Kp4\nS3koyACAqTa2cCdJPpXk5iSvHz8OAEynsW8pX5rkniRnJrkhyR1Jbho7FABMm7GFe8/Kf+9L8odZ\n/tDUE4W7+N7rnlhw4dILsvCSC0Z+OwDYOPbeeGv23njbyrX5VZcdU7jbkswmeTjJ9iQ/m+SqwxdY\nfPurRsQDwMa2cNnFWbjs4pVrW3PVr3/gqMuOKdyzs7xX+/2c/5TkkyPyAGBqjSncbyS5qGoQAJhm\njjQFAA0ULgA0ULgA0EDhAkADhQsADcYe+GJVw/z20RmTHbsLJkly3qGSmGHn6SU5mx96vCTnTd+9\nuyTnd26eHZ1x5R99q2CSJJc+WhIzXFi07ew4syZnqWYbzKYdNTlDxdN/qSAjyweJLckpmqfKpOiO\nzYx/fiYpWj9F96nq+VC1bhrYwwWABgoXABooXABooHABoIHCBYAGChcAGihcAGigcAGggcIFgAYK\nFwAaKFwAaKBwAaCBwgWABgoXABooXABooHABoMGanoA+M5tGRwwz8wWDJJPZzSU52VyTMzx3V0nO\nKW/ZWpJzxXXjTx5/9cceK5gkuTIPlOTkrJp1M+wpmmfbaSUxk4OPluQMwwY6cXfVLEsHanKGon2R\nqvs1KTpZe4miE9APRfUzWSrKqbhfq2fYwwWABgoXABooXABooHABoIHCBYAGChcAGihcAGigcAGg\ngcIFgAYKFwAaKFwAaKBwAaCBwgWABgoXABooXABooHABoIHCBYAGc2uaPjM/PmN28/iMpGaWJNl0\nck3OM360JGY4/aGSnJmXPjo644o8UDBJcvXHHivJ+Wefv6Mk57TFoSRn+JE9JTnZPSmJmWzaMT5k\ndsv4jCTD5lNLcjJXM08mRfsiVbs0k0M1OVWvg9NoqHier55hDxcAGihcAGigcAGggcIFgAYKFwAa\nKFwAaKBwAaCBwgWABgoXABooXABooHABoIHCBYAGChcAGihcAGigcAGggcIFgAYKFwAazK1p+szs\n+IyhICNJZoru6kzRzyhV82zeVBIzXLh7dMbMmVsLJkn+6RfuKMn591+qWTdXfuLukpzJTz5UkjPz\nnPtKcvL8S8dnzMyPz0iSyaGinKWanMG+yNqbbKiYDENR0NHZqgCggcIFgAYKFwAaKFwAaKBwAaCB\nwgWABgoXABooXABooHABoIHCBYAGChcAGihcAGigcAGggcIFgAYKFwAaKFwAaKBwAaDB3JqmDwXx\nMzUjDtt3leTk0GMlMZNDj5bk5MD3anJ2nDk6YtjzQMEgyemLQ0nOFZ+4uyTn6g/XPFb/YOd3S3Iu\n/M3NJTnDYwXzDLPjM5JMZovuU0lKkqJ56izVxJQ8XkWzVCnaBjNZ+xB7uADQQOECQAOFCwANFC4A\nNDiewr0myf4kXzjsttOS3JDkq0k+meTU+tEAYHocT+F+KMkrnnLbO7JcuM9O8icr1wGAoziewr0p\nyYNPue2VSa5duXxtkldVDgUA0+ZEf4d7dpbfZs7Kf8+uGQcAplPFUSUmOcpf+y6++9onLi+87PlZ\nuOyigm8HABvD3htvy97P3LZybfVKPdHC3Z9kV5JvJ9md5N4jLbT4q5efYDwAbHwLl1102M7k1lz1\n6x886rIn+pby9Um+36aXJ7nuBHMA4IfC8RTuR5N8NslzkuxL8tok70nyM1n+s6CfXrkOABzF8byl\n/Oqj3P7yykEAYJo50hQANFC4ANBA4QJAA4ULAA0qDnxxdENBnw+z4zM2oskRjxXy9M1uqclZOjQ+\nY9tp4zOSDOfuqcn5yYdKcv7+qd8tyfn4g5tLcq686f6SnJzxudERw67dBYMkOXVnSczk5HNLcjJX\n9Lyama/JOfKxhZ62YW7b+JDJ0viMJNlS83qRDEUxFfufqz9O9nABoIHCBYAGChcAGihcAGigcAGg\ngcIFgAYKFwAaKFwAaKBwAaCBwgWABgoXABooXABooHABoIHCBYAGChcAGihcAGigcAGgwdyapg8V\nfT4UZCSZ21aTM7u5JGaomieTmphNO0ZHTA4+WjBIkt0192nmgvtKcp77mzWP+QWfub8k5+oP16zn\nd37n/47OmH3NoYJJkuHxx0pysnVnTU7V82q2Zv2UmZlf7wl+YFK0jrNUlFMwz7D6LPZwAaCBwgWA\nBgoXABooXABooHABoIHCBYAGChcAGihcAGigcAGggcIFgAYKFwAaKFwAaKBwAaCBwgWABgoXABoo\nXABosMYnoJ8dn1F0wveyE0pPik4oXbFukrqTOA/jN4Wh6D5NNu0oycnzLy2JGS74bknOzBmfK8l5\nR8GJ45PkN/7b+G35Vx64s2CSZNvffrAkZ+ZnSmKSPefX5FRty0VqXi1q9tOG2YdLcjJ/Uk1OhoKM\n1Z9T9nABoIHCBYAGChcAGihcAGigcAGggcIFgAYKFwAaKFwAaKBwAaCBwgWABgoXABooXABooHAB\noIHCBYAGChcAGihcAGigcAGgwdyapg+zGyMjSTIpyhlqYmY22s86S+s9wA/MbqnJmZmvySnaBofd\nu0ty5n7xUEnOv3jwztEZ/+azNdvx6/bdXZKz53k7S3KGnaeX5NS9fhWZ2zo+o+o+LR3cWDkVhtVn\n2Wiv+gAwlRQuADRQuADQQOECQAOFCwANFC4ANFC4ANBA4QJAA4ULAA0ULgA0ULgA0EDhAkADhQsA\nDRQuADRQuADQQOECQAOFCwAN5tY0fZgdnzFTkJEkS4dqciru00Y0KcgoWjfD5lNLcjKpecwns5tL\ncnLqzpKYYc9jJTnbf/rB0Rmv3Xd3wSTJNfu2leRc+V+/VZKTvzhQEjP81EUlORmGmpz5gvU8V/R8\nKHp+ZnKwJicV63j1+2QPFwAaKFwAaKBwAaCBwgWABsdTuNck2Z/kC4fdtpjkriS3rvx7RflkADBF\njqdwP5S/WqiTJP86ycUr//64eC4AmCrHU7g3JTnS3w8UfU4dAKbfmN/hvinJ55J8MEnRH04CwHQ6\n0QNf/G6SX1u5/O4kv5Xkl5660OJV73/i8sJlL8jCwiUn+O0AYOPZe9MXsvem21eubVp12RMt3HsP\nu/yBJJ840kKL73r9CcYDwMa38NKfyMJLf2L5yrA9V/3GR4667Im+pbz7sMs/nyd/ghkAeIrj2cP9\naJLLkpyRZF+SdyVZSHJRlj+t/I0kb1ij+QBgKhxP4b76CLddUz0IAEwzR5oCgAYKFwAaKFwAaKBw\nAaDBWh6ecTKZ3Dw+5dDj4zOSZHKoJqfKhptnaXzGwb8cn5Ekk4NFOQX3KSm7X5O/vL8kJwceqcn5\nsy+Pjph8676CQZKlT3yrJOdf/cGjJTn/5DmPleSc8cZnlORk+3xJzHBpwcGHtu8an5Fk2Hp6SU7m\nd9TkVBh2ZDjp7yRH6VZ7uADQQOECQAOFCwANFC4ANFC4ANBA4QJAA4ULAA0ULgA0ULgA0EDhAkAD\nhQsADRQuADRQuADQQOECQAOFCwANFC4ANFC4ANBgbr0HOKZhKAraaD9bTIpilmpyKgxF63hSlFM1\nz+zmmpy5LTU5VdvOnvNHRww7Tx8/R5KZvzhQkvOGm+8syfkPd9Q85m+7fn9JzvyLTy3JGX7snvEh\nZ9Vsf5NDj5fkDCefV5JT9jxfxUZrIQCYSgoXABooXABooHABoIHCBYAGChcAGihcAGigcAGggcIF\ngAYKFwAaKFwAaKBwAaCBwgWABgoXABooXABooHABoIHCBYAGc+s9QJ+hKGdSlFM0zzBbkzMpuF9V\ns0zrj4Ez8zU5s4dqcjbtGJ9R9JgPL76oJOfMNx4oyXnrH+0vyXnfDTWvF5fffndJzrmXnDE6Y9iy\npWCSJDM19TN5/OGSnMw+Nj7jGK9d0/rSBgAbisIFgAYKFwAaKFwAaKBwAaCBwgWABgoXABooXABo\noHABoIHCBYAGChcAGihcAGigcAGggcIFgAYKFwAaKFwAaKBwAaDB3HoP8NfPUBRT9LPOZKkmZ2Z2\nfMbk0PiMypwyRes4k6KcKTQUPa92zJfEbPqbp5bk/OIX7y7JufaebSU5V/7Hb4zOmFx4X8EkybBr\nS03ORXeV5OSUgsd805mrftkeLgA0ULgA0EDhAkADhQsADRQuADRQuADQQOECQAOFCwANFC4ANFC4\nANBA4QJAA4ULAA0ULgA0ULgA0EDhAkADhQsADX54TkBfdYLrKlXnIt9oJ7KvMFNzEvEyw2xNzFzN\nScSr1k/JJji3tSIlma9ZN8Oll9Tk/Ng9JTnnXXJGSc4VHxp/4vgkufq6g6Mz3rzvOwWTJCeds7kk\nJ884qSSmpCG2rn6f7OECQAOFCwANFC4ANFC4ANDgWIV7bpJPJ/liktuTvHnl9tOS3JDkq0k+meTU\ntRoQAKbBsQr3QJJfSfLjSX4qyRuTXJjkHVku3Gcn+ZOV6wDAURyrcL+d5LaVy48k+XKSc5K8Msm1\nK7dfm+RVazIdAEyJp/M73POTXJzkT5OcnWT/yu37V64DAEdxvAe+2JHk40l+OcnDT/naJEf5G/rF\nxd974vLCwiVZWHjhCYwIABvT3lu/nb23rux/zm9fddnjKdz5LJftR5Jct3Lb/iS7svyW8+4k9x7p\nf1xcfMPxzAsAfy0tXLwrCxfvWr6y9ez82vv/91GXPdZbykOSDyb5UpLfPuz265NcvnL58vygiAGA\nIzjWHu6lSf5Rks8nuXXltncmeU+S/5zkl5J8M8k/XKP5AGAqHKtw/2eOvhf88uJZAGBqOdIUADRQ\nuADQQOECQAOFCwANjvfAFydmslSQccRjajx9w1CTs9FUrOPloA2SsREVreOyx6pKwc/bw+z4jCSZ\n21yTs31XTc5ZNdvysGVLTc6P31eS86a7vzM643durnnM//GDj5TknHVXTc7kewfHh5w0v+qX7eEC\nQAOFCwANFC4ANFC4ANBA4QJAA4ULAA0ULgA0ULgA0EDhAkADhQsADRQuADRQuADQQOECQAOFCwAN\nFC4ANFC4ANBA4QJAg7k1TZ9MKkIKMupiykwOVQXVxCwVzDOs7eb09G2wB33LaTU5Jc+rZJh9eHzI\n0sHxGUnd82GyVBNz6PGSnMzUPCeGXVtKck7es3l0xuv/xiMFkyS///Wa+/S693y9JGf3q3ePDzlj\n+6pftocLAA0ULgA0ULgA0EDhAkADhQsADRQuADRQuADQQOECQAOFCwANFC4ANFC4ANBA4QJAA4UL\nAA0ULgA0ULgA0EDhAkADhQsADebWNH0YxmdMCjKWg4pyqmyweWZmx2dMlsZnVKpaxUPBulkOKsop\nWs/zJ43PWDo4PiNJJlU5NetmOPm8kpzJ4w+X5AwX3VWSk2eMf8zP3vdIwSDJa9/z9ZKca/ZtK8l5\n2y0Pjc4Yzll93djDBYAGChcAGihcAGigcAGggcIFgAYKFwAaKFwAaKBwAaCBwgWABgoXABooXABo\noHABoIHCBYAGChcAGihcAGigcAGggcIFgAZza5q+dHB8xoFHxmckSZaKcopMJjU5c1trcipU3adh\n2Fg5RXcrQ9XPt2UDFeVU2EizJJndXJTzWE3OKaeWxFSs5cn3Cl7Xk+x59e6SnLfe8lBJzns/Nf55\nddqzVv+6PVwAaKBwAaCBwgWABgoXABooXABooHABoIHCBYAGChcAGihcAGigcAGggcIFgAYKFwAa\nKFwAaLCuhbt37y3r+e1/aOy98db1HmHq7b3xtvUeYertvekL6z3C1Nt767fXe4Sptr6Fe6PC7aAM\n1t7ez1jHa23vTbev9whTb++t+9d7hKnmLWUAaLC2J6DP9mN8fdOxl6k6iXjZSburVM1zPCfK3pRk\nR9H3W8UwjSdGz3Her03JcKx1XLV+ljZOzkzNycgzOXTsZYYtycwpx8ipWjdFZudrcrb+SE3OoWOc\nyH7TnyU7zl99mZ0n18xyTs2J44eHHynJ2f3g+IxTztudfO2TR/36Wr6y7U1y2RrmA8BGc2OShfUe\nAgAAAAAAAICN6xVJ7kjytSRvX+dZptU3k3w+ya1J/s/6jjJVrkmyP8nhR2I4LckNSb6a5JNJjvFx\nUI7hSOt4McldWd6eb83yawgn7twkn07yxSS3J3nzyu225Skzm+TOJOcnmU9yW5IL13OgKfWNLD95\nqPXSJBfnyWXwviRvW7n89iTv6R5qyhxpHb8ryb9cn3Gm0q4kF61c3pHkK1l+HbYtT5kXJ/njw66/\nY+Uftb6R5PT1HmJKnZ8nl8EdSc5eubxr5TrjnJ+/WrhvWZ9Rfihcl+TlsS2vmfU60tQ5SfYddv2u\nlduoNUnyqSQ3J3n9Os8y7c7O8lugWfnv2assy4l7U5LPJflgvNVZ6fwsv6Pwp7Etr5n1KtyNdtin\naXVplp9EP5fkjVl+m461N4ltfC38bpJnZvlt0HuS/Nb6jjM1diT5eJJfTvLwU75mWy60XoV7d5Z/\nYf9952Z5L5da96z8974kf5jkRes4y7Tbn+W335Jkd5J713GWaXVvflAAH4jtucJ8lsv2I1l+Szmx\nLa+Z9Srcm5M8K8tvY2xK8gtJrl+nWabVtiQnrVzenuRn8+Tfh1Hr+iSXr1y+PD948aLO7sMu/3xs\nz2MNWX5r/ktJfvuw223LU+jnsvypuDuTvHOdZ5lGz8zyp79vy/JH/q3jOh9N8q0kj2f5swivzfKn\nwT8Vf0pR5anr+HVJPpzlP3P7XJZLwO8Wx3lJls9gcVue/KdWtmUAAAAAAAAAAAAAAAAAAKDN/wfR\nyHen24iGyQAAAABJRU5ErkJggg==\n",
       "text": [
        "<matplotlib.figure.Figure at 0x108774990>"
       ]
      }
     ],
     "prompt_number": 12
    }
   ],
   "metadata": {}
  }
 ]
}