{
 "metadata": {
  "name": "",
  "signature": "sha256:2df913977f589bc40478cb2f0e9fe56c28c81fc1c8ecd97a3b0549aa963a20a1"
 },
 "nbformat": 3,
 "nbformat_minor": 0,
 "worksheets": [
  {
   "cells": [
    {
     "cell_type": "markdown",
     "metadata": {},
     "source": [
      "#Example\n",
      "\n",
      "Consider sequences that are increasingly different. EDeN allows to turn them into vectors, whose similarity is decreasing."
     ]
    },
    {
     "cell_type": "code",
     "collapsed": false,
     "input": [
      "%matplotlib inline"
     ],
     "language": "python",
     "metadata": {},
     "outputs": [],
     "prompt_number": 1
    },
    {
     "cell_type": "markdown",
     "metadata": {},
     "source": [
      "Build an artificial dataset: starting from the string 'abcdefghijklmnopqrstuvwxyz', generate iteratively strings by swapping two characters at random. In this way instances are progressively more dissimilar"
     ]
    },
    {
     "cell_type": "code",
     "collapsed": false,
     "input": [
      "import random\n",
      "\n",
      "def make_data(size):\n",
      "    text = ''.join([str(unichr(97+i)) for i in range(26)])\n",
      "    seqs = []\n",
      "\n",
      "    def swap_two_characters(seq):\n",
      "        '''define a function that swaps two characters at random positions in a string '''\n",
      "        line = list(seq)\n",
      "        id_i = random.randint(0,len(line)-1)\n",
      "        id_j = random.randint(0,len(line)-1)\n",
      "        line[id_i], line[id_j] = line[id_j], line[id_i]\n",
      "        return ''.join(line)\n",
      "\n",
      "    for i in range(size):\n",
      "        text = swap_two_characters( text )\n",
      "        seqs.append( text )\n",
      "        print text\n",
      "        \n",
      "    return seqs"
     ],
     "language": "python",
     "metadata": {},
     "outputs": [],
     "prompt_number": 2
    },
    {
     "cell_type": "code",
     "collapsed": false,
     "input": [
      "seqs = make_data(25)"
     ],
     "language": "python",
     "metadata": {},
     "outputs": [
      {
       "output_type": "stream",
       "stream": "stdout",
       "text": [
        "abcdefghijplmnokqrstuvwxyz\n",
        "abcdefgyijplmnokqrstuvwxhz\n",
        "abcdefgyijplmhokqrstuvwxnz\n",
        "axcdefgyijplmhokqrstuvwbnz\n",
        "axcdefgyijplmhokqrsnuvwbtz\n",
        "axcdefgyijhlmpokqrsnuvwbtz\n",
        "dxcaefgyijhlmpokqrsnuvwbtz\n",
        "dxcaeygfijhlmpokqrsnuvwbtz\n",
        "dxcaeygfijrlmpokqhsnuvwbtz\n",
        "dxhaeygfijrlmpokqcsnuvwbtz\n",
        "vxhaeygfijrlmpokqcsnudwbtz\n",
        "vxhaeygfijrcmpokqlsnudwbtz\n",
        "vrhaeygfijxcmpokqlsnudwbtz\n",
        "vrhaeygfijxcmpokslqnudwbtz\n",
        "vryaehgfijxcmpokslqnudwbtz\n",
        "vrtaehgfijxcmpokslqnudwbyz\n",
        "vrtaehgfijucmpokslqnxdwbyz\n",
        "vrtaehgfijucmpokslqxndwbyz\n",
        "vrtsehgfijucmpokalqxndwbyz\n",
        "vrtsehgfijpcmuokalqxndwbyz\n",
        "crtsehgfijpvmuokalqxndwbyz\n",
        "crtsehgfijpvmuokalqxnzwbyd\n",
        "crtsehgfijpvmuokalqxnbwzyd\n",
        "crtsehqfijpvmuokalgxnbwzyd\n",
        "crtseiqfhjpvmuokalgxnbwzyd\n"
       ]
      }
     ],
     "prompt_number": 12
    },
    {
     "cell_type": "markdown",
     "metadata": {},
     "source": [
      "define a function that builds a graph from a string, i.e. the path graph with the characters as node labels"
     ]
    },
    {
     "cell_type": "code",
     "collapsed": false,
     "input": [
      "import networkx as nx\n",
      "\n",
      "def sequence_to_graph(seq):\n",
      "    '''convert a sequence into a EDeN 'compatible' graph\n",
      "    i.e. a graph with the attribute 'label' for every node and edge'''\n",
      "    G = nx.Graph()\n",
      "    for id,character in enumerate(seq):\n",
      "        G.add_node(id, label = character )\n",
      "        if id > 0:\n",
      "            G.add_edge(id-1, id, label = '-')\n",
      "    return G"
     ],
     "language": "python",
     "metadata": {},
     "outputs": [],
     "prompt_number": 13
    },
    {
     "cell_type": "markdown",
     "metadata": {},
     "source": [
      "make a generator that yields graphs: generators are 'good' as they allow functional composition"
     ]
    },
    {
     "cell_type": "code",
     "collapsed": false,
     "input": [
      "def pre_process(iterable):\n",
      "    for seq in iterable:\n",
      "        yield sequence_to_graph(seq)"
     ],
     "language": "python",
     "metadata": {},
     "outputs": [],
     "prompt_number": 14
    },
    {
     "cell_type": "markdown",
     "metadata": {},
     "source": [
      "initialize the vectorizer object with the desired 'resolution'"
     ]
    },
    {
     "cell_type": "code",
     "collapsed": false,
     "input": [
      "%%time\n",
      "from eden.graph import Vectorizer\n",
      "vectorizer = Vectorizer( r=2, d=4 )"
     ],
     "language": "python",
     "metadata": {},
     "outputs": [
      {
       "output_type": "stream",
       "stream": "stdout",
       "text": [
        "CPU times: user 18 \u00b5s, sys: 0 ns, total: 18 \u00b5s\n",
        "Wall time: 22.9 \u00b5s\n"
       ]
      }
     ],
     "prompt_number": 15
    },
    {
     "cell_type": "markdown",
     "metadata": {},
     "source": [
      "obtain an iterator over the sequences processed into graphs"
     ]
    },
    {
     "cell_type": "code",
     "collapsed": false,
     "input": [
      "%%time\n",
      "graphs = pre_process( seqs )"
     ],
     "language": "python",
     "metadata": {},
     "outputs": [
      {
       "output_type": "stream",
       "stream": "stdout",
       "text": [
        "CPU times: user 5 \u00b5s, sys: 3 \u00b5s, total: 8 \u00b5s\n",
        "Wall time: 10 \u00b5s\n"
       ]
      }
     ],
     "prompt_number": 16
    },
    {
     "cell_type": "markdown",
     "metadata": {},
     "source": [
      "compute the vector encoding of each instance in a sparse data matrix"
     ]
    },
    {
     "cell_type": "code",
     "collapsed": false,
     "input": [
      "%%time\n",
      "X = vectorizer.transform( graphs )\n",
      "print 'Instances: %d ; Features: %d with an avg of %d features per instance' % (X.shape[0], X.shape[1],  X.getnnz()/X.shape[0])"
     ],
     "language": "python",
     "metadata": {},
     "outputs": [
      {
       "output_type": "stream",
       "stream": "stdout",
       "text": [
        "Instances: 25 ; Features: 1048577 with an avg of 359 features per instance\n",
        "CPU times: user 141 ms, sys: 53.4 ms, total: 194 ms\n",
        "Wall time: 283 ms\n"
       ]
      }
     ],
     "prompt_number": 17
    },
    {
     "cell_type": "markdown",
     "metadata": {},
     "source": [
      "compute the pairwise similarity as the dot product between the vector representations of each sequence"
     ]
    },
    {
     "cell_type": "code",
     "collapsed": false,
     "input": [
      "from sklearn import metrics\n",
      "\n",
      "K=metrics.pairwise.pairwise_kernels(X, metric='linear')\n",
      "print K"
     ],
     "language": "python",
     "metadata": {},
     "outputs": [
      {
       "output_type": "stream",
       "stream": "stdout",
       "text": [
        "[[ 1.          0.69910456  0.53340553  0.40047397  0.29844752  0.2570699\n",
        "   0.22444873  0.21039056  0.17171977  0.16591169  0.15196463  0.14336911\n",
        "   0.14336911  0.11466447  0.12523712  0.13905375  0.13324567  0.13046789\n",
        "   0.13325533  0.15300081  0.14732448  0.14197294  0.13908405  0.11423955\n",
        "   0.09739262]\n",
        " [ 0.69910456  1.          0.69910456  0.54547691  0.44345046  0.3369477\n",
        "   0.27030921  0.21806466  0.18229242  0.17915101  0.16520395  0.15660843\n",
        "   0.15394176  0.12523712  0.11466447  0.11744225  0.11466447  0.11188669\n",
        "   0.11467413  0.13152106  0.12584473  0.12572396  0.12016841  0.10601733\n",
        "   0.09484673]\n",
        " [ 0.53340553  0.69910456  1.          0.75173829  0.60914949  0.3369477\n",
        "   0.27030921  0.21806466  0.18217165  0.17358579  0.15963873  0.14826543\n",
        "   0.14826543  0.12245934  0.1179473   0.12072508  0.12340144  0.12339174\n",
        "   0.12617918  0.14302611  0.13734979  0.14245978  0.13167346  0.11752238\n",
        "   0.09739262]\n",
        " [ 0.40047397  0.54547691  0.75173829  1.          0.7371028   0.46483441\n",
        "   0.29821997  0.23998142  0.20408841  0.19283588  0.1681025   0.1567292\n",
        "   0.15649731  0.13069123  0.12617918  0.12895696  0.12340144  0.12616952\n",
        "   0.12895696  0.14580389  0.14012756  0.1371179   0.139682    0.12553093\n",
        "   0.10540117]\n",
        " [ 0.29844752  0.44345046  0.60914949  0.7371028   1.          0.70703552\n",
        "   0.54042108  0.48218253  0.35644066  0.34518814  0.22865795  0.21728465\n",
        "   0.21705277  0.17705675  0.17254471  0.13780501  0.12679534  0.12061397\n",
        "   0.12073474  0.13758167  0.13468312  0.12900679  0.12900679  0.11485571\n",
        "   0.09472596]\n",
        " [ 0.2570699   0.3369477   0.3369477   0.46483441  0.70703552  0.9969697\n",
        "   0.8213961   0.69518803  0.40242191  0.39987602  0.28334583  0.25305689\n",
        "   0.25282501  0.20192189  0.18831894  0.15352336  0.1425137   0.13633232\n",
        "   0.13361042  0.11467413  0.11177558  0.10609925  0.10609925  0.09497848\n",
        "   0.08891787]\n",
        " [ 0.22444873  0.27030921  0.27030921  0.29821997  0.54042108  0.8213961\n",
        "   1.          0.76614554  0.47337941  0.41648009  0.29168883  0.26139989\n",
        "   0.25839022  0.20748711  0.19388416  0.15908858  0.15074558  0.13911976\n",
        "   0.13083264  0.11189635  0.1089978   0.10609925  0.10609925  0.09497848\n",
        "   0.08891787]\n",
        " [ 0.21039056  0.21806466  0.21806466  0.23998142  0.48218253  0.69518803\n",
        "   0.76614554  1.          0.63037181  0.49977247  0.37195091  0.33560136\n",
        "   0.3295614   0.27865829  0.21015378  0.17541407  0.17010138  0.15544526\n",
        "   0.14697051  0.12803422  0.12513567  0.12223712  0.12223712  0.10588558\n",
        "   0.0945942 ]\n",
        " [ 0.17171977  0.18229242  0.18217165  0.20408841  0.35644066  0.40242191\n",
        "   0.47337941  0.63037181  1.          0.67404638  0.54622482  0.38052579\n",
        "   0.3265311   0.27562799  0.21015378  0.17541407  0.17010138  0.15544526\n",
        "   0.14697051  0.12803422  0.12513567  0.12223712  0.12223712  0.10855224\n",
        "   0.09192754]\n",
        " [ 0.16591169  0.17915101  0.17358579  0.19283588  0.34518814  0.39987602\n",
        "   0.41648009  0.49977247  0.67404638  1.          0.74163549  0.45321391\n",
        "   0.36298078  0.31207767  0.21328421  0.17564596  0.17299993  0.15834381\n",
        "   0.14986906  0.13093277  0.12513567  0.12223712  0.12223712  0.10588558\n",
        "   0.09192754]\n",
        " [ 0.15196463  0.16520395  0.15963873  0.1681025   0.22865795  0.28334583\n",
        "   0.29168883  0.37195091  0.54622482  0.74163549  1.          0.64790585\n",
        "   0.48531904  0.40923699  0.30766575  0.21386152  0.19007875  0.17531151\n",
        "   0.16103966  0.14210337  0.13617452  0.1280452   0.12223712  0.10588558\n",
        "   0.09192754]\n",
        " [ 0.14336911  0.15660843  0.14826543  0.1567292   0.21728465  0.25305689\n",
        "   0.26139989  0.33560136  0.38052579  0.45321391  0.64790585  1.\n",
        "   0.69910456  0.48291588  0.38134465  0.28754042  0.25189994  0.22876051\n",
        "   0.20332904  0.16498172  0.14731594  0.13615631  0.13034823  0.11133002\n",
        "   0.09737198]\n",
        " [ 0.14336911  0.15394176  0.14826543  0.15649731  0.21705277  0.25282501\n",
        "   0.25839022  0.3295614   0.3265311   0.36298078  0.48531904  0.69910456\n",
        "   1.          0.76311523  0.52285109  0.42904686  0.25977673  0.23966761\n",
        "   0.21145836  0.17311104  0.14754782  0.1363882   0.13058012  0.11156191\n",
        "   0.09760386]\n",
        " [ 0.11466447  0.12523712  0.12245934  0.13069123  0.17705675  0.20192189\n",
        "   0.20748711  0.27865829  0.27562799  0.31207767  0.40923699  0.48291588\n",
        "   0.76311523  1.          0.75973585  0.64523553  0.36831901  0.31733398\n",
        "   0.22331607  0.18496875  0.15940553  0.14534735  0.13953927  0.11156191\n",
        "   0.09760386]\n",
        " [ 0.12523712  0.11466447  0.1179473   0.12617918  0.17254471  0.18831894\n",
        "   0.19388416  0.21015378  0.21015378  0.21328421  0.30766575  0.38134465\n",
        "   0.52285109  0.75973585  1.          0.75173829  0.43985382  0.38886879\n",
        "   0.26709685  0.22874954  0.20318631  0.18912814  0.18332006  0.12596551\n",
        "   0.10050242]\n",
        " [ 0.13905375  0.11744225  0.12072508  0.12895696  0.13780501  0.15352336\n",
        "   0.15908858  0.17541407  0.17541407  0.17564596  0.21386152  0.28754042\n",
        "   0.42904686  0.64523553  0.75173829  1.          0.62444296  0.57345792\n",
        "   0.3430326   0.30468528  0.2655191   0.21107409  0.2001378   0.13975295\n",
        "   0.1113913 ]\n",
        " [ 0.13324567  0.11466447  0.12340144  0.12340144  0.12679534  0.1425137\n",
        "   0.15074558  0.17010138  0.17010138  0.17299993  0.19007875  0.25189994\n",
        "   0.25977673  0.36831901  0.43985382  0.62444296  1.          0.76541826\n",
        "   0.50533769  0.3102505   0.27108432  0.2166393   0.20570302  0.14531816\n",
        "   0.11695652]\n",
        " [ 0.13046789  0.11188669  0.12339174  0.12616952  0.12061397  0.13633232\n",
        "   0.13911976  0.15544526  0.15544526  0.15834381  0.17531151  0.22876051\n",
        "   0.23966761  0.31733398  0.38886879  0.57345792  0.76541826  1.\n",
        "   0.6510679   0.45295041  0.41378423  0.25625104  0.2363556   0.16273143\n",
        "   0.13436978]\n",
        " [ 0.13325533  0.11467413  0.12617918  0.12895696  0.12073474  0.13361042\n",
        "   0.13083264  0.14697051  0.14697051  0.14986906  0.16103966  0.20332904\n",
        "   0.21145836  0.22331607  0.26709685  0.3430326   0.50533769  0.6510679\n",
        "   1.          0.70710212  0.60873967  0.41623854  0.3963431   0.22291358\n",
        "   0.17817121]\n",
        " [ 0.15300081  0.13152106  0.14302611  0.14580389  0.13758167  0.11467413\n",
        "   0.11189635  0.12803422  0.12803422  0.13093277  0.14210337  0.16498172\n",
        "   0.17311104  0.18496875  0.22874954  0.30468528  0.3102505   0.45295041\n",
        "   0.70710212  1.          0.72964603  0.53411459  0.51421915  0.28910652\n",
        "   0.23332529]\n",
        " [ 0.14732448  0.12584473  0.13734979  0.14012756  0.13468312  0.11177558\n",
        "   0.1089978   0.12513567  0.12513567  0.12513567  0.13617452  0.14731594\n",
        "   0.14754782  0.15940553  0.20318631  0.2655191   0.27108432  0.41378423\n",
        "   0.60873967  0.72964603  1.          0.80446857  0.78457312  0.491807\n",
        "   0.37393095]\n",
        " [ 0.14197294  0.12572396  0.14245978  0.1371179   0.12900679  0.10609925\n",
        "   0.10609925  0.12223712  0.12223712  0.12223712  0.1280452   0.13615631\n",
        "   0.1363882   0.14534735  0.18912814  0.21107409  0.2166393   0.25625104\n",
        "   0.41623854  0.53411459  0.80446857  1.          0.80968836  0.50796308\n",
        "   0.39008702]\n",
        " [ 0.13908405  0.12016841  0.13167346  0.139682    0.12900679  0.10609925\n",
        "   0.10609925  0.12223712  0.12223712  0.12223712  0.12223712  0.13034823\n",
        "   0.13058012  0.13953927  0.18332006  0.2001378   0.20570302  0.2363556\n",
        "   0.3963431   0.51421915  0.78457312  0.80968836  1.          0.62141265\n",
        "   0.5035366 ]\n",
        " [ 0.11423955  0.10601733  0.11752238  0.12553093  0.11485571  0.09497848\n",
        "   0.09497848  0.10588558  0.10855224  0.10588558  0.10588558  0.11133002\n",
        "   0.11156191  0.11156191  0.12596551  0.13975295  0.14531816  0.16273143\n",
        "   0.22291358  0.28910652  0.491807    0.50796308  0.62141265  1.\n",
        "   0.71013243]\n",
        " [ 0.09739262  0.09484673  0.09739262  0.10540117  0.09472596  0.08891787\n",
        "   0.08891787  0.0945942   0.09192754  0.09192754  0.09192754  0.09737198\n",
        "   0.09760386  0.09760386  0.10050242  0.1113913   0.11695652  0.13436978\n",
        "   0.17817121  0.23332529  0.37393095  0.39008702  0.5035366   0.71013243\n",
        "   1.        ]]\n"
       ]
      }
     ],
     "prompt_number": 18
    },
    {
     "cell_type": "markdown",
     "metadata": {},
     "source": [
      "visualize it as a picture is worth thousand words..."
     ]
    },
    {
     "cell_type": "code",
     "collapsed": false,
     "input": [
      "import pylab as plt\n",
      "plt.figure( figsize=(8,8) )\n",
      "img = plt.imshow( K, interpolation='nearest', cmap=plt.get_cmap( 'YlOrRd' ) )\n",
      "plt.show()"
     ],
     "language": "python",
     "metadata": {},
     "outputs": [
      {
       "metadata": {},
       "output_type": "display_data",
       "png": "iVBORw0KGgoAAAANSUhEUgAAAdwAAAHaCAYAAACq+vjoAAAABHNCSVQICAgIfAhkiAAAAAlwSFlz\nAAALEgAACxIB0t1+/AAAGGRJREFUeJzt3W+MpAd9H/DvM7t7Z9+d7Tv7iH0GhwMMBAwOTvhTQrGX\nihDyhoYowkI0slJCUELzB1cqRJzEGYyEmsbhRVsUgU0pQdBIIYS+aAxErEup5MhgCBAcQsD22T2f\nAzjBgdjc7U5f7GIO471bdn7z22X4fKSVZ+bG3/3NM8883+eZ3dknAQAAAAAAAAAAAACoNEwr+LE5\nY3xHHphWPABsO1dcfllu+t+3PmK3Tq1wk4wP50mnvMPH8tW8IPtPeZ+rn7dSMszulx0oyRkuubAk\nJwdPvWw2bOc5p73L4etuzOGrf+7Ud9qxe/JZRjsmz0gybOAxbSxoriZntHDauxx+y3tz+A2v6Jmn\nykLBc54kKyeKcr59yn8+fO17cvjQL58+p2w5V20ex5NHnCg6eBlGp/znDa3HSTLaZuvy/K6anNHO\niSOGueck66w8p176AEAJhQsADba0cA+m6G0ATmnxuU/Y6hFm3uLzn77VI8y8xcsv3eoRZp71eLom\nKdwXJ7ktyd8med1mAh6ncFssPvfirR5h5imD6Vu8/Ce3eoSZZz2ers0W7lyS/5zV0n1qkpcneUrV\nUAAwazZbuM9O8qUktyc5nuT9Sf510UwAMHM2W7iPTnLkpOt3rd0GADyC+U3+fxv6YNnH8tWHLh/M\nLj+zBWCmLC19Mks3fWpD991s4d6d5KKTrl+U1aPc73G6P2oBAD/MFhd/OouLP/3Q9Wve9M5177vZ\nt5RvSfLEJAeT7EhyZZIPbTILAGbeZo9wTyT5d0luzOpvLF+f5AtVQwHArNls4SbJ/1r7AgBOw592\nBIAGChcAGihcAGgwyc9wT6viXLbXfaJmn+DqHC3J2fXSmvPzDt+4vybn4ieW5OScgvMFn3nu5BlJ\n3flVs1yUU2SomqdoP7lqOY+KNiOnOVdre852Oh9u1Sxly6ZI2XNetQ5O8xTxjnABoIXCBYAGChcA\nGihcAGigcAGggcIFgAYKFwAaKFwAaKBwAaCBwgWABgoXABooXABooHABoIHCBYAGChcAGihcAGig\ncAGgwfw0w3e/7MDEGVfnaMEkyXWfqNm3ePXRIyU5j3rRt0pyhoufWJIzk0ZzNTlD0X7pMNWX2yYM\nNTHjlZqcKivLWz3Bw4wnj1g5PnlGkgxFr4lx0TIebbPXRNXyWYcjXABooHABoIHCBYAGChcAGihc\nAGigcAGggcIFgAYKFwAaKFwAaKBwAaCBwgWABgoXABooXABooHABoIHCBYAGChcAGihcAGgwP83w\n4ZILJ87Y9dKVgkmSVx89UpLzh18+oyTnN266ryTnvCtuK8kZnnX25CELuybPSDIeLZTkDKOi1Xt+\nqMkp270tChov1+SUzVPzWs8wV5OTcVFM0eMqsc2WcdU6ON5m86zDES4ANFC4ANBA4QJAA4ULAA0U\nLgA0ULgA0EDhAkADhQsADRQuADRQuADQQOECQAOFCwANFC4ANFC4ANBA4QJAA4ULAA0ULgA0mJ9q\n+sEnTRwxfOP+gkGSR73oWyU5v3HTfSU5//ULO0pyXvu2vyvJ2XPlNycPOe+MyTOSDE99QknOeK5o\n9b7wkpqc0XRfbj+oYefeoqCi/faFs2tyqubZTjnjlckzkmQYanJSlVO0jKteW1N+jTrCBYAGChcA\nGihcAGigcAGggcIFgAYKFwAaKFwAaKBwAaCBwgWABgoXABooXABooHABoIHCBYAGChcAGihcAGig\ncAGggcIFgAbDFLPHK0f+0+Qp9x2ZPKPQ+PO3leT809v+riTnD26u2Wf6xbO/PXHG4y5dKJgk2f3G\ny0pyMhSt3k+4pCZnYXdNTpHhzP01QaOa5z0LZ9XkjOZrcoa5opyC9XBu5+QZSco2+VXLpkrZcz75\n9nQYnpmss6Ad4QJAA4ULAA0ULgA0ULgA0GDSnzTfnuQbSZaTHE/y7EkHAoBZNGnhjpMsJvn65KMA\nwOyqeEt5mh8tAoCZMGnhjpN8NMktSV41+TgAMJsmfUv5eUmOJnlUko8kuS3JxycdCgBmzaSFe3Tt\nv3+f5E+z+ktTDxXu4etufOiOi899Qhafe/GE3w4Ato+lpVuytPTJDd13ksLdlWQuyf1Jdid5UZJr\nTr7D4at/boJ4ANjeFhefmcXFZz50/Zpr3rHufScp3POzelT7nZz3JvnwBHkAMLMmKdyvJHlG1SAA\nMMv8pSkAaKBwAaCBwgWABgoXABpM+jncU9uxe/KMcw5MnlFoeNbZJTl7rvxmSc4vfuGukpwPfGPH\nxBmvvP1bBZMku+65ryRnOK9g/UuSlZWinOWanKFmP3k8rplnGFfttxct56LHlaHqr9ZWbGaLZila\nd9gcSx8AGihcAGigcAGggcIFgAYKFwAaKFwAaKBwAaCBwgWABgoXABooXABooHABoIHCBYAGChcA\nGihcAGigcAGggcIFgAbTPQH9aPKTmufMcyfPqLSwqybnvDNKYh536UJJTsXJ46+/q2bZHLrxWElO\nrthfEjPsvaMkJ3vOrsmZK9pPPvFAScx4z4GSnGH5wZKcDHM1OeNxTc6wXJCx3Y6Nhq0eYDpGU67E\nqaYDAEkULgC0ULgA0EDhAkADhQsADRQuADRQuADQQOECQAOFCwANFC4ANFC4ANBA4QJAA4ULAA0U\nLgA0ULgA0EDhAkADhQsADaZ6evth5zmTh6ycmDyj0Hi0UJIzPPUJJTm733huSc6ue+6bOOPQjccK\nJkmu/aMHSnJef+/dJTnz//hgSc7oOReX5OS8/TU5w1CTA1tuXBMzTPcY1BEuADRQuADQQOECQAOF\nCwANFC4ANFC4ANBA4QJAA4ULAA0ULgA0ULgA0EDhAkADhQsADRQuADRQuADQQOECQAOFCwANFC4A\nNJifavowVxCyXJCRZFQxSzKMahbZeK5o0Q9DTcx5uycPuWL/5BlJXn/v3SU5b/3wuCTn1++4qyRn\n/4+fVZIzLCyU5GS+KGf3BTU5ZWqe92SlKKfgNToummWY1WOsmu3gtM3q0geAbUXhAkADhQsADRQu\nADRQuADQQOECQAOFCwANFC4ANFC4ANBA4QJAA4ULAA0ULgA0ULgA0EDhAkADhQsADRQuADRQuADQ\nYH6q6aOFqcb/QIaifYv5oSbnwktqcvZ9tSZnZWXiiGHvHQWDJPP/+GBJzq/fcVdJztv/ZmdJzqH3\nHynJyUtOlMQMF9xXkpPH17wmxvseX5IzzO8qycl48tdEkmS0oyCj5jnPuGg7OKqqjqLt6Q8JR7gA\n0EDhAkADhQsADRQuADRQuADQYCOFe0OSY0k+e9Jt5yb5SJIvJvlwkr31owHA7NhI4b4ryYsfdtvr\ns1q4T0ryF2vXAYB1bKRwP57k4R/Ye0mSd69dfneSX6gcCgBmzWZ/hnt+Vt9mztp/z68ZBwBmU8Wf\nCxmvfX2fw29570OXF5//9CxefmnBtwOA7WFp6ZYsLX1yQ/fdbOEeS3JBknuSHEhy7yPd6fAbXrHJ\neADY/hYXn5nFxWc+dP2aa96x7n03+5byh5JctXb5qiQf3GQOAPxI2Ejhvi/J/03y5CRHkvxKkrcm\n+dmsfizoX61dBwDWsZG3lF++zu0vrBwEAGaZvzQFAA0ULgA0ULgA0KDic7jrG+YKMpYnz0iSoeih\nVu2ijIrmWdhdk7NSsJz3nD15RpLRcy4uydn/42eV5Bx6/5GSnGs/cLwk5+pjt5fk7P61gyU5w667\nSnIyf0ZJzHhHzfNeNU/mz5w4Yqj6c/WjHTU5VYaiDeq4qCcqtoOn4AgXABooXABooHABoIHCBYAG\nChcAGihcAGigcAGggcIFgAYKFwAaKFwAaKBwAaCBwgWABgoXABooXABooHABoIHCBYAGChcAGsxv\n9QCnt932CbbbPEWGgsc1V7RszttfEjMsLJTk5CUnSmKuPnZ7Sc51n6hZzr96520lOQded7wkZ/iH\n+0py8ozLa3JWap73jFcKMpYnz2DLzWh7AMD2onABoIHCBYAGChcAGihcAGigcAGggcIFgAYKFwAa\nKFwAaKBwAaCBwgWABgoXABooXABooHABoIHCBYAGChcAGihcAGgwP9X0hd2TZ6ycmDwjSTLUxIyX\nS2KGnXtLcjK3syRmXPG4TjwweUaSDEXP1fxCScxwwX0lObt/7WBJzq/eeVtJzjuP7CrJedXvfbkk\n5/xnnV2SM3rU+SU52XduUc7Fk2dUbQdHRTnjqmO1laKcmu3gtDnCBYAGChcAGihcAGigcAGggcIF\ngAYKFwAaKFwAaKBwAaCBwgWABgoXABooXABooHABoIHCBYAGChcAGihcAGigcAGggcIFgAbzU01f\nOTF5xqhoxPFKTU7VPspQlDNaKIkZxpPPM95zoGCSQrsvqMl5/FASM+y6qyTnwOuOl+S86ve+XJLz\njjvOLMl59dz9JTk/ds/RkpzhwQdKcnLmeRNHjMfLBYMkma95roa5HSU5GeZqckZF81T1zXrxU00H\nAJIoXABooXABoIHCBYAGChcAGihcAGigcAGggcIFgAYKFwAaKFwAaKBwAaCBwgWABgoXABooXABo\noHABoIHCBYAGChcAGkz39PYr3548Y9hm+wTjlZqchbNrckYP1uRk8sc1LFfNsr2M9z2+Jmj+jJKY\n4R/uK8k5/1k16+Cr5+4vyfnDL9csn0N/dndJzvgxXyvJGf3SvslDdhdtL3aeUxIzPnN/Sc4wKqqg\niq5JkpWFmpx1bLM2A4DZpHABoIHCBYAGChcAGmykcG9IcizJZ0+67XCSu5Lcuvb14vLJAGCGbKRw\n35XvL9RxkuuSXLb29efFcwHATNlI4X48ySN9DmEongUAZtYkP8P9zSSfSXJ9kr014wDAbNrsp47f\nnuRNa5ffnOT3k7zy4Xc6fO17Hrq8ePmlWbz8Jzf57QBg+1m66dYs3XTrhu672cK996TL70zyPx/p\nTocP/fIm4wFg+1u84rIsXnHZQ9evefO71r3vZt9SPnDS5Zfme3+DGQB4mI0c4b4vyRVJ9ic5kuSN\nSRaTPCOrv638lSSvntJ8ADATNlK4L3+E226oHgQAZpm/NAUADRQuADRQuADQQOECQIPNfg53Y4a5\ngoyifYKV5ZqciseU1D2ucdHjqsipWjZlxiUpw/yukpzxjrNKcvKMy0tiRo86vyTnx+45WpJz6M/u\nLsm59r/9c0nOKx/ztZKcCy+afP0ZXvCcgklSt73ISknKeFyTM4xrXutV24z1OMIFgAYKFwAaKFwA\naKBwAaCBwgWABgoXABooXABooHABoIHCBYAGChcAGihcAGigcAGggcIFgAYKFwAaKFwAaKBwAaCB\nwgWABvPTjR+2SUalcU3MULSvM8wV5RQs53HRsimzUhMzLsqZP6MmZ+VETc6+c0tihgcfKMkZP+Zr\nJTmvLMq5/q5dJTmHbrx38pB9n548I8lwVs1jytN+piZnfmdNzvKDNTmj6VaiI1wAaKBwAaCBwgWA\nBgoXABooXABooHABoIHCBYAGChcAGihcAGigcAGggcIFgAYKFwAaKFwAaKBwAaCBwgWABgoXABoo\nXABoMN3T22e8TTIKc8YrNTlD0b7OMNTkVKwKw/LkGaWKls1oR03O/Jk1OVXr4L6La3LOPK8kZvRL\n+0pyLrxoV0nOoRvvLcm59gPHJ8547d1fKpgk2X3ZWSU5ZUdqO2peW+OnvaAkZ9i5tyRnPY5wAaCB\nwgWABgoXABooXABooHABoIHCBYAGChcAGihcAGigcAGggcIFgAYKFwAaKFwAaKBwAaCBwgWABgoX\nABooXABooHABoMH8VNNPPFAQMhRkJFk5XpNTZbxSkzN/Rk1OxXIettn+W9UyHp0oiRmytyQn4+Wa\nnJWaxzWummf32SUxwwueU5KTfZ8uiXnt3V+aOOMPbq55bb3mm/eV5Jz75D0lOdk5VxIzHDxakjMu\nek2sZ5ttIQFgNilcAGigcAGggcIFgAYKFwAaKFwAaKBwAaCBwgWABgoXABooXABooHABoIHCBYAG\nChcAGihcAGigcAGggcIFgAbTPQF9xQnJq05qPtSc6DgpOqn5UHDC99WgopgZ3PeqekzjopzRjpqc\nKqOik23Pn1mTs/OcmpzxcknMcNaukpzdl501cUbVieP/y+dq1sEr33xnSc7O+Zrt6WOrTmT/ExeV\n5KxnBreyALD9KFwAaKBwAaCBwgWABqcr3IuSfCzJ55N8Lslvrd1+bpKPJPlikg8n2TutAQFgFpyu\ncI8neW2SS5L8iySvSfKUJK/PauE+KclfrF0HANZxusK9J8mn1y7/U5IvJHl0kpckeffa7e9O8gtT\nmQ4AZsQP8jPcg0kuS3JzkvOTHFu7/djadQBgHRv9wxd7kvxJkt9Ocv/D/m289vV9Dr/lvQ9dXnz+\n07N4+aWbGBEAtqelTx3N0q33bOi+GynchayW7XuSfHDttmNJLsjqW84Hktz7SP/j4Te8YkNDAMAP\no8WfOpDFnzrw0PU33fCZde97ureUhyTXJ/nrJG876fYPJblq7fJV+W4RAwCP4HRHuM9L8m+S/FWS\nW9du+90kb03yx0lemeT2JC+b0nwAMBNOV7j/J+sfBb+weBYAmFn+0hQANFC4ANBA4QJAA4ULAA02\n+ocvNmc0N9X4H8h4uSZnqHpMQ1HMNlrGVY9puxlN92WyZcY1+9vD3I6SnPGZ+0tykpWamKf9TElM\nxVI+98l7ClKSK998Z0nO//j6zpKcl+17sCQnJ4qe8+PHa3LW4QgXABooXABooHABoIHCBYAGChcA\nGihcAGigcAGggcIFgAYKFwAaKFwAaKBwAaCBwgWABgoXABooXABooHABoIHCBYAGChcAGsxv9QCn\nNRTtE4yKHup4uSbHvs4PkaEoZrs95ys1McNcTUzRa3Q8Lnpc8ztrcnbsmDxjZ80y3jlfs2xetu/B\nkpw/vq9mGR+6+eslOVUv9fVsty0AAMwkhQsADRQuADRQuADQQOECQAOFCwANFC4ANFC4ANBA4QJA\nA4ULAA0ULgA0ULgA0EDhAkADhQsADRQuADRQuADQQOECQIP56abvmjxjmO6IP7DxXE3OqOhxVeVs\nK+OinKEop8h4easneJidNTGjHTU5K98uiRnGRevP8oMlMeOnvWDijOHg0ckHSfLYnUXbrxMrJTGH\nbv56Sc61N/xzSc7vfO7Okpz1OMIFgAYKFwAaKFwAaKBwAaCBwgWABgoXABooXABooHABoIHCBYAG\nChcAGihcAGigcAGggcIFgAYKFwAaKFwAaKBwAaCBwgWABvNTTR/tnDxjGCbPSJJhriZnvFyTMypa\n9MM22meaxcdUaaVo3dluqp73lYWanIxrYooe17Bz78QZ45UTBZMkw09cVJKT48drcoo277/zuTtL\nct72l0U9sY4Z3bIBwPaicAGggcIFgAYKFwAaKFwAaKBwAaCBwgWABgoXABooXABooHABoIHCBYAG\nChcAGihcAGiwpYW7tPTJrfz2PzKWlm7Z6hFmnmU8fUs33brVI8y8pU8d3eoRZtrWFu5Nn9rKb/8j\nw47N9FnG06dwp2/p1nu2eoSZ5i1lAGigcAGgwTDF7KUkV0wxHwC2m5uSLG71EAAAAAAAAABsXy9O\ncluSv03yui2eZVbdnuSvktya5C+3dpSZckOSY0k+e9Jt5yb5SJIvJvlwkr1bMNcseaRlfDjJXVld\nn2/N6jaEzbsoyceSfD7J55L81trt1uUZM5fkS0kOJllI8ukkT9nKgWbUV7L64qHW85Nclu8tg/+Y\n5D+sXX5dkrd2DzVjHmkZvzHJ1Vszzky6IMkz1i7vSfI3Wd0OW5dnzHOT/PlJ11+/9kWtryQ5b6uH\nmFEH871lcFuS89cuX7B2nckczPcX7r/fmlF+JHwwyQtjXZ6arfrDF49OcuSk63et3UatcZKPJrkl\nyau2eJZZd35W3wLN2n/PP8V92bzfTPKZJNfHW52VDmb1HYWbY12emq0q3PEWfd8fNc/L6ovo55O8\nJqtv0zF941jHp+HtSR6X1bdBjyb5/a0dZ2bsSfInSX47yf0P+zfrcqGtKty7s/oD+++4KKtHudT6\nzqk//j7JnyZ59hbOMuuOZfXttyQ5kOTeLZxlVt2b7xbAO2N9rrCQ1bJ9T1bfUk6sy1OzVYV7S5In\nZvVtjB1JrkzyoS2aZVbtSnLW2uXdSV6U7/15GLU+lOSqtctX5bsbL+ocOOnyS2N9ntSQ1bfm/zrJ\n20663bo8g34+q78V96Ukv7vFs8yix2X1t78/ndVf+beM67wvyf9L8u2s/i7Cr2T1t8E/Gh+lqPLw\nZfxvk/z3rH7M7TNZLQE/W5zMv0yyktVtxMkftbIuAwAAAAAAAAAAAAAAAAAAbf4/1popfl3EH88A\nAAAASUVORK5CYII=\n",
       "text": [
        "<matplotlib.figure.Figure at 0x10409f390>"
       ]
      }
     ],
     "prompt_number": 19
    }
   ],
   "metadata": {}
  }
 ]
}