{
 "metadata": {
  "name": "",
  "signature": "sha256:95c885ca784091eb2bfd8de55a660e03be5ee13fb4d5c61b82b6580ca5036c32"
 },
 "nbformat": 3,
 "nbformat_minor": 0,
 "worksheets": [
  {
   "cells": [
    {
     "cell_type": "markdown",
     "metadata": {},
     "source": [
      "#Example\n",
      "\n",
      "Consider sequences that are increasingly different. EDeN allows to turn them into vectors, whose similarity is decreasing."
     ]
    },
    {
     "cell_type": "code",
     "collapsed": false,
     "input": [
      "%matplotlib inline"
     ],
     "language": "python",
     "metadata": {},
     "outputs": [],
     "prompt_number": 21
    },
    {
     "cell_type": "markdown",
     "metadata": {},
     "source": [
      "Build an artificial dataset: starting from the string 'abcdefghijklmnopqrstuvwxyz', generate iteratively strings by swapping two characters at random. In this way instances are progressively more dissimilar"
     ]
    },
    {
     "cell_type": "code",
     "collapsed": false,
     "input": [
      "import random\n",
      "\n",
      "def make_data(size):\n",
      "    text = ''.join([str(unichr(97+i)) for i in range(26)])\n",
      "    seqs = []\n",
      "\n",
      "    def swap_two_characters(seq):\n",
      "        '''define a function that swaps two characters at random positions in a string '''\n",
      "        line = list(seq)\n",
      "        id_i = random.randint(0,len(line)-1)\n",
      "        id_j = random.randint(0,len(line)-1)\n",
      "        line[id_i], line[id_j] = line[id_j], line[id_i]\n",
      "        return ''.join(line)\n",
      "\n",
      "    for i in range(size):\n",
      "        text = swap_two_characters( text )\n",
      "        seqs.append( text )\n",
      "        print text\n",
      "        \n",
      "    return seqs"
     ],
     "language": "python",
     "metadata": {},
     "outputs": [],
     "prompt_number": 22
    },
    {
     "cell_type": "code",
     "collapsed": false,
     "input": [
      "seqs = make_data(25)"
     ],
     "language": "python",
     "metadata": {},
     "outputs": [
      {
       "output_type": "stream",
       "stream": "stdout",
       "text": [
        "abcdefthijklmnopqrsguvwxyz\n",
        "abcdewthijklmnopqrsguvfxyz\n",
        "abcdewthijklznopqrsguvfxym\n",
        "aycdewthijklznopqrsguvfxbm\n",
        "ayodewthijklzncpqrsguvfxbm\n",
        "ajodewthiyklzncpqrsguvfxbm\n",
        "ajodewthiyklzncpsrqguvfxbm\n",
        "ajodebthiyklzncpsrqguvfxwm\n",
        "ajodeqthiyklzncpsrbguvfxwm\n",
        "ajodecthiyklznqpsrbguvfxwm\n",
        "ajozecthiykldnqpsrbguvfxwm\n",
        "ojazecthiykldnqpsrbguvfxwm\n",
        "ojaztcehiykldnqpsrbguvfxwm\n",
        "oraztcehiykldnqpsjbguvfxwm\n",
        "oraztcehiykldnspqjbguvfxwm\n",
        "oraitcehzykldnspqjbguvfxwm\n",
        "zraitcehoykldnspqjbguvfxwm\n",
        "zraitcehoyxldnspqjbguvfkwm\n",
        "zraitcvhoyxldnspqjbguefkwm\n",
        "zraitcvhoyxldnspqbjguefkwm\n",
        "zraitcvhdyxlonspqbjguefkwm\n",
        "wraitcvhdyxlonspqbjguefkzm\n",
        "oraitcvhdyxlwnspqbjguefkzm\n",
        "oraitcvhdyxwlnspqbjguefkzm\n",
        "oraitcvhdkxwlnspqbjguefyzm\n"
       ]
      }
     ],
     "prompt_number": 23
    },
    {
     "cell_type": "markdown",
     "metadata": {},
     "source": [
      "define a function that builds a graph from a string, i.e. the path graph with the characters as node labels"
     ]
    },
    {
     "cell_type": "code",
     "collapsed": false,
     "input": [
      "import networkx as nx\n",
      "\n",
      "def sequence_to_graph(seq):\n",
      "    '''convert a sequence into a EDeN 'compatible' graph\n",
      "    i.e. a graph with the attribute 'label' for every node and edge'''\n",
      "    G = nx.Graph()\n",
      "    for id,character in enumerate(seq):\n",
      "        G.add_node(id, label = character )\n",
      "        if id > 0:\n",
      "            G.add_edge(id-1, id, label = '-')\n",
      "    return G"
     ],
     "language": "python",
     "metadata": {},
     "outputs": [],
     "prompt_number": 24
    },
    {
     "cell_type": "markdown",
     "metadata": {},
     "source": [
      "make a generator that yields graphs: generators are 'good' as they allow functional composition"
     ]
    },
    {
     "cell_type": "code",
     "collapsed": false,
     "input": [
      "def pre_process(iterable):\n",
      "    for seq in iterable:\n",
      "        yield sequence_to_graph(seq)"
     ],
     "language": "python",
     "metadata": {},
     "outputs": [],
     "prompt_number": 25
    },
    {
     "cell_type": "markdown",
     "metadata": {},
     "source": [
      "initialize the vectorizer object with the desired 'resolution'"
     ]
    },
    {
     "cell_type": "code",
     "collapsed": false,
     "input": [
      "%%time\n",
      "from eden.graph import Vectorizer\n",
      "vectorizer = Vectorizer( r=2, d=4 )"
     ],
     "language": "python",
     "metadata": {},
     "outputs": [
      {
       "output_type": "stream",
       "stream": "stdout",
       "text": [
        "CPU times: user 46 \u00b5s, sys: 1 \u00b5s, total: 47 \u00b5s\n",
        "Wall time: 54.1 \u00b5s\n"
       ]
      }
     ],
     "prompt_number": 26
    },
    {
     "cell_type": "markdown",
     "metadata": {},
     "source": [
      "obtain an iterator over the sequences processed into graphs"
     ]
    },
    {
     "cell_type": "code",
     "collapsed": false,
     "input": [
      "%%time\n",
      "graphs = pre_process( seqs )"
     ],
     "language": "python",
     "metadata": {},
     "outputs": [
      {
       "output_type": "stream",
       "stream": "stdout",
       "text": [
        "CPU times: user 7 \u00b5s, sys: 0 ns, total: 7 \u00b5s\n",
        "Wall time: 12.2 \u00b5s\n"
       ]
      }
     ],
     "prompt_number": 27
    },
    {
     "cell_type": "markdown",
     "metadata": {},
     "source": [
      "compute the vector encoding of each instance in a sparse data matrix"
     ]
    },
    {
     "cell_type": "code",
     "collapsed": false,
     "input": [
      "%%time\n",
      "X = vectorizer.transform( graphs )\n",
      "print 'Instances: %d ; Features: %d with an avg of %d features per instance' % (X.shape[0], X.shape[1],  X.getnnz()/X.shape[0])"
     ],
     "language": "python",
     "metadata": {},
     "outputs": [
      {
       "output_type": "stream",
       "stream": "stdout",
       "text": [
        "Instances: 25 ; Features: 1048577 with an avg of 360 features per instance\n",
        "CPU times: user 198 ms, sys: 38.9 ms, total: 236 ms\n",
        "Wall time: 457 ms\n"
       ]
      }
     ],
     "prompt_number": 28
    },
    {
     "cell_type": "markdown",
     "metadata": {},
     "source": [
      "compute the pairwise similarity as the dot product between the vector representations of each sequence"
     ]
    },
    {
     "cell_type": "code",
     "collapsed": false,
     "input": [
      "from sklearn import metrics\n",
      "\n",
      "K=metrics.pairwise.pairwise_kernels(X, metric='linear')\n",
      "print K"
     ],
     "language": "python",
     "metadata": {},
     "outputs": [
      {
       "output_type": "stream",
       "stream": "stdout",
       "text": [
        "[[ 1.          0.65409821  0.45189967  0.39234465  0.2997793   0.25102027\n",
        "   0.18242417  0.18786862  0.17464994  0.18009439  0.16860032  0.16557001\n",
        "   0.15453116  0.13748154  0.14630894  0.14063261  0.1408645   0.12647188\n",
        "   0.12111902  0.11519016  0.11792197  0.11792197  0.11525531  0.11146177\n",
        "   0.10044357]\n",
        " [ 0.65409821  1.          0.72964603  0.57879616  0.45802155  0.36653856\n",
        "   0.26405689  0.21807564  0.19576606  0.2012105   0.18971643  0.18668613\n",
        "   0.17564728  0.15859765  0.16742505  0.16174872  0.16198061  0.13701534\n",
        "   0.12109838  0.11516952  0.11493764  0.11783619  0.11227097  0.10343259\n",
        "   0.09775626]\n",
        " [ 0.45189967  0.72964603  1.          0.77679646  0.54547691  0.40617094\n",
        "   0.29762866  0.25164741  0.22933783  0.23478227  0.19842306  0.19539276\n",
        "   0.18435391  0.16730428  0.17613168  0.17056647  0.17068724  0.14016641\n",
        "   0.12121915  0.11529029  0.11505841  0.11795696  0.11239174  0.10355336\n",
        "   0.09798814]\n",
        " [ 0.39234465  0.57879616  0.77679646  1.          0.67404638  0.52080301\n",
        "   0.39156464  0.24886963  0.23223638  0.23768082  0.20132161  0.19829131\n",
        "   0.19015101  0.17310138  0.18192879  0.17636357  0.17648434  0.14329685\n",
        "   0.11275538  0.10972508  0.10949319  0.11239174  0.10682653  0.10076833\n",
        "   0.10076833]\n",
        " [ 0.2997793   0.45802155  0.54547691  0.67404638  1.          0.70819547\n",
        "   0.48026986  0.31832475  0.29273234  0.25452775  0.21268525  0.20384686\n",
        "   0.19873687  0.18168724  0.19051464  0.18217165  0.18206054  0.15177434\n",
        "   0.1155538   0.1125235   0.10682653  0.10972508  0.11263461  0.10657642\n",
        "   0.10960672]\n",
        " [ 0.25102027  0.36653856  0.40617094  0.52080301  0.70819547  1.\n",
        "   0.76311523  0.48594618  0.46035377  0.3931101   0.28003513  0.26340188\n",
        "   0.23312391  0.2080451   0.2168725   0.19005942  0.18728165  0.14886338\n",
        "   0.11844269  0.12134124  0.11831094  0.12120949  0.12411902  0.11528305\n",
        "   0.11250527]\n",
        " [ 0.18242417  0.26405689  0.29762866  0.39156464  0.48026986  0.76311523\n",
        "   1.          0.70213486  0.53643583  0.41359251  0.29445694  0.27782369\n",
        "   0.24754572  0.2168725   0.2080451   0.18123202  0.17845424  0.14003598\n",
        "   0.10961528  0.11251383  0.10948353  0.11238208  0.11529161  0.10645564\n",
        "   0.10367786]\n",
        " [ 0.18786862  0.21807564  0.25164741  0.24886963  0.31832475  0.48594618\n",
        "   0.70213486  1.          0.62444296  0.50159964  0.38246407  0.36583082\n",
        "   0.33555285  0.30487963  0.29605223  0.26923915  0.26646137  0.15410513\n",
        "   0.12065413  0.12355268  0.12052238  0.10948353  0.11529161  0.10634212\n",
        "   0.10356434]\n",
        " [ 0.17464994  0.19576606  0.22933783  0.23223638  0.29273234  0.46035377\n",
        "   0.53643583  0.62444296  1.          0.62444296  0.50808517  0.49145191\n",
        "   0.46117395  0.34980406  0.3354211   0.30860802  0.30583024  0.17617185\n",
        "   0.13181376  0.12077491  0.1177446   0.10670575  0.11251383  0.10356434\n",
        "   0.10078656]\n",
        " [ 0.18009439  0.2012105   0.23478227  0.23768082  0.25452775  0.3931101\n",
        "   0.41359251  0.50159964  0.62444296  1.          0.6510679   0.6315361\n",
        "   0.56296064  0.39770717  0.36621509  0.33335239  0.33347316  0.20381477\n",
        "   0.1542259   0.14015675  0.1342279   0.12318905  0.12899713  0.12004763\n",
        "   0.11120925]\n",
        " [ 0.16860032  0.18971643  0.19842306  0.20132161  0.21268525  0.28003513\n",
        "   0.29445694  0.38246407  0.50808517  0.6510679   1.          0.8713486\n",
        "   0.75133289  0.539709    0.43856876  0.36621509  0.36911364  0.22040786\n",
        "   0.17081899  0.15674984  0.1342279   0.12318905  0.12899713  0.12004763\n",
        "   0.11120925]\n",
        " [ 0.16557001  0.18668613  0.19539276  0.19829131  0.20384686  0.26340188\n",
        "   0.27782369  0.36583082  0.49145191  0.6315361   0.8713486   1.\n",
        "   0.77510469  0.54211216  0.44097193  0.36305304  0.36027526  0.21156947\n",
        "   0.16778869  0.15371954  0.13712645  0.1260876   0.12886538  0.11991588\n",
        "   0.1110775 ]\n",
        " [ 0.15453116  0.17564728  0.18435391  0.19015101  0.19873687  0.23312391\n",
        "   0.24754572  0.33555285  0.46117395  0.56296064  0.75133289  0.77510469\n",
        "   1.          0.69910456  0.59493402  0.39431537  0.39153759  0.2367712\n",
        "   0.17916412  0.16219642  0.14257303  0.13443273  0.14024081  0.13129132\n",
        "   0.12245293]\n",
        " [ 0.13748154  0.15859765  0.16730428  0.17310138  0.18168724  0.2080451\n",
        "   0.2168725   0.30487963  0.34980406  0.39770717  0.539709    0.54211216\n",
        "   0.69910456  1.          0.76311523  0.47287747  0.45404375  0.28451012\n",
        "   0.20993534  0.1707898   0.15116641  0.14302611  0.16185984  0.15291034\n",
        "   0.14407196]\n",
        " [ 0.14630894  0.16742505  0.17613168  0.18192879  0.19051464  0.2168725\n",
        "   0.2080451   0.29605223  0.3354211   0.36621509  0.43856876  0.44097193\n",
        "   0.59493402  0.76311523  1.          0.68906615  0.67023242  0.45482376\n",
        "   0.35424019  0.21746914  0.1707898   0.16264951  0.18148323  0.16963518\n",
        "   0.1607968 ]\n",
        " [ 0.14063261  0.16174872  0.17056647  0.17636357  0.18217165  0.19005942\n",
        "   0.18123202  0.26923915  0.30860802  0.33335239  0.36621509  0.36305304\n",
        "   0.39431537  0.47287747  0.68906615  1.          0.73873693  0.52332827\n",
        "   0.38955721  0.25278616  0.20610682  0.19203767  0.25240188  0.24055383\n",
        "   0.23438212]\n",
        " [ 0.1408645   0.16198061  0.17068724  0.17648434  0.18206054  0.18728165\n",
        "   0.17845424  0.26646137  0.30583024  0.33347316  0.36911364  0.36027526\n",
        "   0.39153759  0.45404375  0.67023242  0.73873693  1.          0.67404638\n",
        "   0.46967656  0.33290551  0.26647103  0.19506797  0.19506797  0.18321993\n",
        "   0.17438154]\n",
        " [ 0.12647188  0.13701534  0.14016641  0.14329685  0.15177434  0.14886338\n",
        "   0.14003598  0.15410513  0.17617185  0.20381477  0.22040786  0.21156947\n",
        "   0.2367712   0.28451012  0.45482376  0.52332827  0.67404638  1.\n",
        "   0.63340211  0.4846416   0.32941999  0.23431607  0.22897419  0.20619841\n",
        "   0.18332006]\n",
        " [ 0.12111902  0.12109838  0.12121915  0.11275538  0.1155538   0.11844269\n",
        "   0.10961528  0.12065413  0.13181376  0.1542259   0.17081899  0.16778869\n",
        "   0.17916412  0.20993534  0.35424019  0.38955721  0.46967656  0.63340211\n",
        "   1.          0.76238796  0.4966214   0.32768572  0.32234384  0.29653775\n",
        "   0.25741043]\n",
        " [ 0.11519016  0.11516952  0.11529029  0.10972508  0.1125235   0.12134124\n",
        "   0.11251383  0.12355268  0.12077491  0.14015675  0.15674984  0.15371954\n",
        "   0.16219642  0.1707898   0.21746914  0.25278616  0.33290551  0.4846416\n",
        "   0.76238796  1.          0.69623519  0.50660343  0.50126155  0.47545546\n",
        "   0.41902598]\n",
        " [ 0.11792197  0.11493764  0.11505841  0.10949319  0.10682653  0.11831094\n",
        "   0.10948353  0.12052238  0.1177446   0.1342279   0.1342279   0.13712645\n",
        "   0.14257303  0.15116641  0.1707898   0.20610682  0.26647103  0.32941999\n",
        "   0.4966214   0.69623519  1.          0.80733793  0.61804426  0.56705922\n",
        "   0.45221347]\n",
        " [ 0.11792197  0.11783619  0.11795696  0.11239174  0.10972508  0.12120949\n",
        "   0.11238208  0.10948353  0.10670575  0.12318905  0.12318905  0.1260876\n",
        "   0.13443273  0.14302611  0.16264951  0.19203767  0.19506797  0.23431607\n",
        "   0.32768572  0.50660343  0.80733793  1.          0.72964603  0.67866099\n",
        "   0.46918118]\n",
        " [ 0.11525531  0.11227097  0.11239174  0.10682653  0.11263461  0.12411902\n",
        "   0.11529161  0.11529161  0.11251383  0.12899713  0.12899713  0.12886538\n",
        "   0.14024081  0.16185984  0.18148323  0.25240188  0.19506797  0.22897419\n",
        "   0.32234384  0.50126155  0.61804426  0.72964603  1.          0.76238796\n",
        "   0.55290814]\n",
        " [ 0.11146177  0.10343259  0.10355336  0.10076833  0.10657642  0.11528305\n",
        "   0.10645564  0.10634212  0.10356434  0.12004763  0.12004763  0.11991588\n",
        "   0.13129132  0.15291034  0.16963518  0.24055383  0.18321993  0.20619841\n",
        "   0.29653775  0.47545546  0.56705922  0.67866099  0.76238796  1.\n",
        "   0.67404638]\n",
        " [ 0.10044357  0.09775626  0.09798814  0.10076833  0.10960672  0.11250527\n",
        "   0.10367786  0.10356434  0.10078656  0.11120925  0.11120925  0.1110775\n",
        "   0.12245293  0.14407196  0.1607968   0.23438212  0.17438154  0.18332006\n",
        "   0.25741043  0.41902598  0.45221347  0.46918118  0.55290814  0.67404638\n",
        "   1.        ]]\n"
       ]
      }
     ],
     "prompt_number": 29
    },
    {
     "cell_type": "markdown",
     "metadata": {},
     "source": [
      "visualize it as a picture is worth thousand words..."
     ]
    },
    {
     "cell_type": "code",
     "collapsed": false,
     "input": [
      "import pylab as plt\n",
      "plt.figure( figsize=(8,8) )\n",
      "img = plt.imshow( K, interpolation='none', cmap=plt.get_cmap( 'YlOrRd' ) )\n",
      "plt.show()"
     ],
     "language": "python",
     "metadata": {},
     "outputs": [
      {
       "metadata": {},
       "output_type": "display_data",
       "png": "iVBORw0KGgoAAAANSUhEUgAAAdwAAAHaCAYAAACq+vjoAAAABHNCSVQICAgIfAhkiAAAAAlwSFlz\nAAALEgAACxIB0t1+/AAAHOdJREFUeJzt3W2MXfWdH/DfmZnrZwM24PEEO2uz2OHJgIkDElmHQWAn\nvIiDawWFjVgXzBsSpLKQKoSUxCbK4mi3pQmhFSUIOUplgarloZWwCErGTdgiK5tBbcAEVouL5ZhJ\njOPw4BA8M7cvQF5RzIyZ87v/O758Pq/mzj3+3t8959zzvWdmfE/VbDabAQC0VFe7BwCADwOFCwAF\nKFwAKEDhAkABChcACuhpVfAnzlwWv9j5q1bFA8Ckc/HFF8fAwMAR76ta9d+CqqqKjbF0zGV+Gvvi\nkjhpzGX+3b9q5Mzzlx/NyTn5xJScWHBqTs708efZ+HePxcavXD7mMtXMvvqzZO1K3VNycpojOTnV\n+O9LN/7N1th461Xj5FTF5jkq3VPrZzRH62dEHNW62fitH8bG2/4q5/HG05Vz3Imqe3LlxNiv0Y2b\n7ouN39yQ9FjjyXo9JOWkbPOpUVXL4v1q1Y+UAaAAhQsABbS1cBfFjHY+/IdG/0WntXuEjte/8ux2\nj9Dx+j91brtH6Hj9Fy9v9wgdbcKFu23btjj99NNjyZIl8Z3vfGdCGYsVbhH9Fy1p9wgdr3/lsnaP\n0PH6L1a4rdbff367R+hoEyrckZGRuOGGG2Lbtm3x7LPPxtatW2Pnzp3ZswFAx5hQ4e7YsSNOO+20\nWLRoUTQajfjCF74QjzzySPZsANAxJlS4e/bsiYULFx6+vWDBgtizZ0/aUADQaSb0H/qqo/x/Tz+N\nfYe/XhQz/M4WgI4yMPCLGBj4x3dujV2pEyrcU045JXbv3n349u7du2PBggXvWW68D7UAgGNZf/+K\n6O9f8c6tqbFp039+32Un9CPlFStWxAsvvBC7du2Kt956Kx544IFYs2bNRKIA4ENhQme4PT098f3v\nfz8+/elPx8jISGzYsCHOOOOM7NkAoGNM+ENZL7/88rj88rE/nxcAeJuPdgSAAhQuABSgcAGgAIUL\nAAUkXcn6yL6+tv4Ffb/994cSJon48j89l5Jzwpp5KTnVOfvGX+hochYtHHeZo9HsS1jP0+bUz4iI\nqjk9JSftAvRZFyPPuuB2V9bLduyLkR9dRNI6nmzv/XuStlV31oXjs2Q8r4T9JlM12dbx+5tkezkA\ndCaFCwAFKFwAKEDhAkABChcAClC4AFCAwgWAAhQuABSgcAGgAIULAAUoXAAoQOECQAEKFwAKULgA\nUIDCBYACFC4AFKBwAaCAnlaGd/3lR2tnfOmfnkuYJOLu/91Iyblm356UnFNuzpkn5r6ak3Pi6/Uz\nunOeU3N0OCUnYjQlpZpyXEpORJUT08zKGamfkbWtqu6cnDTNdg9AB3KGCwAFKFwAKEDhAkABChcA\nClC4AFCAwgWAAhQuABSgcAGgAIULAAUoXAAoQOECQAEKFwAKULgAUIDCBYACFC4AFKBwAaAAhQsA\nBfS0Mryad2LtjDlr5iVMEvGv9+1Jybn/NzNScm55Yl9KTs+07pScqtGoH7LkgvoZERExmhPTbCbl\nJM1TJb2/zZonJSdrHY/k5Ew2Vc7rM6oqJydD0ibPWzfHznnjsTMpABzDFC4AFKBwAaAAhQsABShc\nAChA4QJAAQoXAApQuABQgMIFgAIULgAUoHABoACFCwAFKFwAKEDhAkABChcAClC4AFCAwgWAAnpa\nmr7g1NoR1bn7EgaJWHBzIyXnqz/OmWfzY6MpOTf+fk9KzqwvT6mdUfX9JmGSiOiZnpMz9fiUmObo\ncEpO1dWdkpOmOVI/I2ndRFdrD0UfWNbziuakiokqYR+sco5dKftfRETSODlBY69fZ7gAUIDCBYAC\nFC4AFKBwAaAAhQsABShcAChA4QJAAQoXAApQuABQgMIFgAIULgAUoHABoACFCwAFKFwAKEDhAkAB\nChcAClC4AFBAT0vTp59YO6JatLD+HBERc19NiWlM607J+TcH9qTk/Menct4zXffyc7Uz5m9qJkwS\nEdNzdsuq96SUnFh0ZkpMs3tqSk40ZqTEVD31c5rNkYRJcmZ5JykpJiknS9J6jkh4jTZH62e8HZSU\nM5mM/Zyc4QJAAQoXAApQuABQQK1fli1atCiOO+646O7ujkajETt27MiaCwA6Sq3CraoqBgYGYu7c\nuVnzAEBHqv0j5WazE//SDABy1SrcqqrisssuixUrVsS9996bNRMAdJxaP1J+8skno6+vL373u9/F\nqlWr4vTTT4+VK1dmzQYAHaNW4fb19UVExMknnxxr166NHTt2vKtwN/7dY4e/7r/otOi/aEmdhwOA\nSWVg4JcxsP2X79wau1InXLgHDx6MkZGRmD17drzxxhvx+OOPxze/+c13LbPxK5dPNB4AJr3+/vOj\nv//8d25Ni03f+i/vu+yEC3doaCjWrl0bERHDw8PxxS9+MVavXj3ROADoaBMu3MWLF8fTTz+dOQsA\ndCyfNAUABShcAChA4QJAAQoXAApQuABQQK0PvhhPNbOvdkaz71DCJBFx4uspMVWjkZIz+8tTUnI2\nvPxcSs4Pdk2vnfHX9+6qP0hEzPx8/f0mIiJOmJWTM5K0D2bpytkHm90jtTOqqjthkojoyjoUVUkx\nSfNUWec0Wc8rIydplixZ+2DKuhl7Fme4AFCAwgWAAhQuABSgcAGgAIULAAUoXAAoQOECQAEKFwAK\nULgAUIDCBYACFC4AFKBwAaAAhQsABShcAChA4QJAAQoXAApo6QXoo9msnzFtTv2MiIjunIt2x5IL\nUmKqvt+k5PRtSljHEXFjwsXj73wy5/3b15e+mpITM3O2eTXzxZScaCTtgzNn5eRMrZ/TzLr4d2NG\nTk7SBd+rE89KyYnR4ZycyHmdRzPhIutdSbWR0Q/HGGe4AFCAwgWAAhQuABSgcAGgAIULAAUoXAAo\nQOECQAEKFwAKULgAUIDCBYACFC4AFKBwAaAAhQsABShcAChA4QJAAQoXAApQuABQQE9L07un1I6o\nmtMTBolojg6n5ESM5sT05DyvmJGzCWd9vq92xq1LX02YJOLb9/8xJefr8UpKTow2c3KmdOfkTM/Z\n5tXHTqsf0mjUz4iISHt9Jhk+mJPTPS0npyvpUF1lnGNlnaeN5MRUVVJO69eNM1wAKEDhAkABChcA\nClC4AFCAwgWAAhQuABSgcAGgAIULAAUoXAAoQOECQAEKFwAKULgAUIDCBYACFC4AFKBwAaAAhQsA\nBShcACigp6XpzZHJkREREaM5Mc1mTs7U41Niqt6TUnLihFm1I7pmNRIGibg1XknJ+fb9f0zJ+fqr\nv03JiRndOTmn199WERHVvP31Q2bOrJ8REVFNsvf+w2/k5HRPS8qZkpNTJeyDXUnH5GbWMTlpnq6M\nOhx7/U6yvRwAOpPCBYACFC4AFKBwAaAAhQsABShcAChA4QJAAQoXAApQuABQgMIFgAIULgAUoHAB\noACFCwAFKFwAKEDhAkABChcAClC4AFBAxiXu31+VEN/VqJ8REdWU41JyojmaFDOckhOLzszJGTlU\nO6Ka+WLCIBFdo82UnFtf/W1Kzrf/W/11ExHR3/2nlJylpx5IyZk3vbt+yKk5r6uqLyUmTTPh9RAR\nUY3m5KTpmd7uCT7UnOECQAEKFwAKULgAUIDCBYACxi3ca6+9Nnp7e2PZsmWHv7d///5YtWpVLF26\nNFavXh0HDuT8EQcAdKpxC/eaa66Jbdu2vet7mzdvjlWrVsXzzz8fl156aWzevLllAwJAJxi3cFeu\nXBlz5sx51/ceffTRWL9+fURErF+/Ph5++OHWTAcAHWJCv8MdGhqK3t7eiIjo7e2NoaGh1KEAoNPU\n/mSKqqqiqqoj3rfxb7Ye/rp/5dnRv3LZEZcDgGPRwMAvY2D7L9+5NXalTqhwe3t74+WXX4758+fH\n3r17Y968eUdcbuOtV00kHgCOCf3950d///nv3JoWm26/532XndCPlNesWRNbtmyJiIgtW7bEFVdc\nMZEYAPjQGLdwr7rqqrjooovi17/+dSxcuDDuv//+uOWWW+LHP/5xLF26NH7yk5/ELbfcUmJWADhm\njfsj5a1btx7x+0888UT6MADQqXzSFAAUoHABoACFCwAFKFwAKKD2B1+M6X0+EOMDhiRkJOZUOe9R\nqq7ulJxm99SUnBSNRk7OlJx1U83Mybm4+08pOQMjOfvO4jdGU3Ki2UzIqB8REWmvq5xjTnTuPM2E\nfScj40PKGS4AFKBwAaAAhQsABShcAChA4QJAAQoXAApQuABQgMIFgAIULgAUoHABoACFCwAFKFwA\nKEDhAkABChcAClC4AFCAwgWAAhQuABTQ09L0KiG+K2nEZpWUM5qTk6UxIyenq1E/Y+as+hkREdOT\ntvnHcub52OIDKTmL38jZd+7/Tc42v+mhodoZ0y94M2GSiOqzJ6TkRJX0Oh/+Y07O6KGcnKxzo4zj\nadYxsDmSk1M1c3IiI2fs9esMFwAKULgAUIDCBYACFC4AFKBwAaAAhQsABShcAChA4QJAAQoXAApQ\nuABQgMIFgAIULgAUoHABoACFCwAFKFwAKEDhAkABrb0AfffUhJCkiwtnXex4kl18uerJuRh5szth\nnqk5F3yvPnZaTs68/Sk582Z0p+TEaM6+/NcJF46PiPgPP6t/sfbrdufMMv/8uSk5MSVnW1V/9vuU\nnGjMzMmZknSoHh2un5F1mjb8Zk5OV9a6Sdh3qrFXjjNcAChA4QJAAQoXAApQuABQgMIFgAIULgAU\noHABoACFCwAFKFwAKEDhAkABChcAClC4AFCAwgWAAhQuABSgcAGgAIULAAUoXAAooKel6c3RhIyR\n+hkREaPDOTnRzIlJmqeZtH6qqrt2RjMhIyIiGo2cnJkzc3JOPS4nJ2nXmfGJN1NyNuweqp3xg13T\nEyaJ+Lc/2JWS0z095xwi7cD456fm5Hz04ykx1dS59UOyjqWjf8rJyeqIroStXo197HKGCwAFKFwA\nKEDhAkABChcAClC4AFCAwgWAAhQuABSgcAGgAIULAAUoXAAoQOECQAEKFwAKULgAUIDCBYACFC4A\nFKBwAaAAhQsABSRc4n4MVZUQkvSeoOrOyWmO5OR05az6qmdGSk7KPI2kWUaHc3KqnH2n6kuJyZvn\ncyek5PR9fG7tjK/8YFf9QSLib3+aEhNfOuvNlJy5vz2YkhO9r+bkvPVaTk7G67xrSv2MiGgeHErJ\niSqpxroSXp/dx4/9EPUfAQAYj8IFgAIULgAUoHABoIBxC/faa6+N3t7eWLZs2eHvbdy4MRYsWBDL\nly+P5cuXx7Zt21o6JAAc68Yt3GuuueY9hVpVVdx0000xODgYg4OD8ZnPfKZlAwJAJxi3cFeuXBlz\n5sx5z/ebzWZLBgKATjTh3+Heddddce6558aGDRviwIEDmTMBQMeZ0P8Yvv766+Mb3/hGRETcdttt\ncfPNN8d99933nuU2fuuHh7/u/9S50X/xuRMcEwAmn4Enn4+Bf3j+7RvV1DGXnVDhzps37/DX1113\nXXz2s5894nIbb/uricQDwDGh/5NLo/+TS9++0X183P63f/++y07oR8p79+49/PVDDz30rr9gBgDe\na9wz3Kuuuiq2b98e+/bti4ULF8amTZtiYGAgnn766aiqKhYvXhz33HNPiVkB4Jg1buFu3br1Pd+7\n9tprWzIMAHQqnzQFAAUoXAAoQOECQAEKFwAKmND/w2UyqSZPTuX925iqpG2VlTO1u3ZEz/ScbX79\nmW+m5PynZ6ak5NzyP4ZScnrmTkvJqU56KSWnOftQ7Yxq1kcSJomopp+ckhNdSTXW1aifUc0c+yHq\nPwIAMB6FCwAFKFwAKEDhAkABChcAClC4AFCAwgWAAhQuABSgcAGgAIULAAUoXAAoQOECQAEKFwAK\nULgAUIDCBYACFC4AFKBwAaCAnpamdzXqZ/RU9TMiIqKZlJNkdDgnp0paP1X9XaE68ayEQSJi+GBS\nzhspMc2RQyk5USW9vx3+Y0pM9We/r52RdQA5cShnm3/1vw+l5GzeNpqS8/V5e1Ny4lDOPNUn6h8v\nmlNmJkwSkXW+VzWmp+Sk6Br7uO4MFwAKULgAUIDCBYACFC4AFKBwAaAAhQsABShcAChA4QJAAQoX\nAApQuABQgMIFgAIULgAUoHABoACFCwAFKFwAKEDhAkABChcACuhpaXrVXT+jOyEjU8ZzioiIZlJO\nkirhvdfocP2MiIjuaZMqpxo9lJITVZWTkzVPY2b9jD8/tX5GRETvqykxjbk52/zWeXtTcr695c2U\nnOu2P5eSM/+20doZ1UUJg0REdOWc7zV7ZqTkxNTj6md0nzDm3c5wAaAAhQsABShcAChA4QJAAQoX\nAApQuABQgMIFgAIULgAUoHABoACFCwAFKFwAKEDhAkABChcAClC4AFCAwgWAAhQuABSgcAGggJ6W\nplfdLY1vi6rKyWnmxERzJCko43klPamupN2ye0pOTpYq6/1tUs6UhPX80Y/Xz4iIeOu1lJjqpJdS\ncroOjabkbPifz6Xk/GDX9JScm39Yf/1MH8lZN9GVdCydlnO8qE6cVT9kRt+YdzvDBYACFC4AFKBw\nAaAAhQsABShcAChA4QJAAQoXAApQuABQgMIFgAIULgAUoHABoACFCwAFKFwAKEDhAkABChcAClC4\nAFBAay9An3JB8qSLFE82VXdSUNJF36uE9dxM2lZZF2rPWsc9ORf/jmbWhbuTXrajw7UjqqlzEwaJ\ntOfUnH0oJae6IGdf7rstZ5vflHDh+IiIf7+9/vO68lf/nDBJxJJ1c1JyYsG0nJxpCceL6s0x73aG\nCwAFKFwAKEDhAkABChcAChizcHfv3h2XXHJJnHXWWXH22WfH9773vYiI2L9/f6xatSqWLl0aq1ev\njgMHDhQZFgCOVWMWbqPRiDvvvDOeeeaZeOqpp+Luu++OnTt3xubNm2PVqlXx/PPPx6WXXhqbN28u\nNS8AHJPGLNz58+fHeeedFxERs2bNijPOOCP27NkTjz76aKxfvz4iItavXx8PP/xw6ycFgGPYUf8O\nd9euXTE4OBgXXnhhDA0NRW9vb0RE9Pb2xtDQUMsGBIBOcFT/2/z111+PdevWxXe/+92YPXv2u+6r\nqiqq9/nQhI2b7jv8df/Fy6O///waowLA5DLwq1di+zP7374x5eUxlx23cA8dOhTr1q2Lq6++Oq64\n4oqIePus9uWXX4758+fH3r17Y968eUf8txu/ueEDjg4Ax47+s0+M/rNPfPvGrI/E7f918H2XHfNH\nys1mMzZs2BBnnnlm3HjjjYe/v2bNmtiyZUtERGzZsuVwEQMARzbmGe6TTz4ZP/rRj+Kcc86J5cuX\nR0TEHXfcEbfccktceeWVcd9998WiRYviwQcfLDIsAByrxizcv/iLv4jR0SN/+PYTTzzRkoEAoBP5\npCkAKEDhAkABChcAClC4AFDAUX3wRXs12z3Au2WNUx35j9E+sGZSThz5w0s+kK6s3SnpfWDXSE5O\nlqxtlZWTsZpHhxNCIqJrSkpMNesjKTnNKTNTcqpPpsTEjJGcbf75X/1z7YwHX5maMEnEl//XH1Jy\nZn3kjyk5jSXH1w8ZHrsgnOECQAEKFwAKULgAUIDCBYACFC4AFKBwAaAAhQsABShcAChA4QJAAQoX\nAApQuABQgMIFgAIULgAUoHABoACFCwAFKFwAKEDhAkABPa2Nr1ob3w5Vd05OcyQnJ5pJOQmaWbMk\nrZvmaE7OZJO17wy/WT9j9E/1MyKieXAoJaeafnJKTtq5SFdSTnfOsXTpujm1M7701B8SJom4+/80\nUnKue+1gSk7v7tfrh8x5Y8y7neECQAEKFwAKULgAUIDCBYACFC4AFKBwAaAAhQsABShcAChA4QJA\nAQoXAApQuABQgMIFgAIULgAUoHABoACFCwAFKFwAKEDhAkABPS1Nr6qEjO76GZmqpPcoozkxaSbT\nes7YbyIimiM5OZNN1czJ6Up4+Wet4yrpUJTxnCKiakxPyWn2zEjJiWlJ62fhtNoRs//vHxMGidjw\n6sGUnB/sytlWt/zklfohp8wa825nuABQgMIFgAIULgAUoHABoACFCwAFKFwAKEDhAkABChcAClC4\nAFCAwgWAAhQuABSgcAGgAIULAAUoXAAoQOECQAEKFwAKULgAUEBPS9O7Gi2NP7aNtnuAd6uqdk/w\nL6qk94Fdrd2926eZEzPaXT8jax13ZW3zSXbMmXpcSkx14qyUnJhWf5s3lhyfMEjE/JdeT8n56k9e\nScm5Y1v9Y/LcJWO/Np3hAkABChcAClC4AFCAwgWAAhQuABSgcAGgAIULAAUoXAAoQOECQAEKFwAK\nULgAUIDCBYACFC4AFNDWwh0Y+EU7H/5DY2Dgl+0eoeNZx6038OTz7R6h4w38KufKOxxZmwv3H9v5\n8B8aA9uVQatZx6038A8Kt9W2P7O/3SN0ND9SBoACWnyF7hnj3N84imU61XBSztFcjHxKRMwcZ5mE\ni5GnyXofmLWOj0Yjxl/HWZKeV5VwsfbqUP2MiIiek8ZfpmvG+Mt15VwcPW0dN97KyTnu1Jycxp/G\nvn/aKxEnnDb2MsP1L9QeERF/OpgSU532h5Scvt8dzbF0bMd/tC/ihcff9/6q2WzWf5Qj6O/vj+3b\nt7ciGgAmpYsvvjgGBgaOeF/LChcA+Bd+hwsABShcAChA4QJAAW0r3G3btsXpp58eS5Ysie985zvt\nGqOjLVq0KM4555xYvnx5XHDBBe0ep2Nce+210dvbG8uWLTv8vf3798eqVati6dKlsXr16jhw4EAb\nJzz2HWkdb9y4MRYsWBDLly+P5cuXx7Zt29o44bFv9+7dcckll8RZZ50VZ599dnzve9+LCPtyK7Wl\ncEdGRuKGG26Ibdu2xbPPPhtbt26NnTt3tmOUjlZVVQwMDMTg4GDs2LGj3eN0jGuuueY9B/vNmzfH\nqlWr4vnnn49LL700Nm/e3KbpOsOR1nFVVXHTTTfF4OBgDA4Oxmc+85k2TdcZGo1G3HnnnfHMM8/E\nU089FXfffXfs3LnTvtxCbSncHTt2xGmnnRaLFi2KRqMRX/jCF+KRRx5pxygdzx+h51u5cmXMmTPn\nXd979NFHY/369RERsX79+nj44YfbMVrHONI6jrA/Z5o/f36cd955ERExa9asOOOMM2LPnj325RZq\nS+Hu2bMnFi5cePj2ggULYs+ePe0YpaNVVRWXXXZZrFixIu699952j9PRhoaGore3NyIient7Y2ho\nqM0Tdaa77rorzj333NiwYYMfdSbatWtXDA4OxoUXXmhfbqG2FG5VVe142A+dJ598MgYHB+Oxxx6L\nu+++O372s5+1e6QPhaqq7OMtcP3118eLL74YTz/9dPT19cXNN9/c7pE6wuuvvx7r1q2L7373uzF7\n9ux33WdfztWWwj3llFNi9+7dh2/v3r07FixY0I5ROlpfX19ERJx88smxdu1av8dtod7e3nj55Zcj\nImLv3r0xb968Nk/UeebNm3e4AK677jr7c4JDhw7FunXr4uqrr44rrrgiIuzLrdSWwl2xYkW88MIL\nsWvXrnjrrbfigQceiDVr1rRjlI518ODBeO211yIi4o033ojHH3/8XX/xSa41a9bEli1bIiJiy5Yt\nhw9e5Nm7d+/hrx966CH7c03NZjM2bNgQZ555Ztx4442Hv29fbp22fbTjY489FjfeeGOMjIzEhg0b\n4mtf+1o7xuhYL774YqxduzYiIoaHh+OLX/yidZzkqquuiu3bt8e+ffuit7c3br/99vjc5z4XV155\nZbz00kuxaNGiePDBB+OEE05o96jHrP9/HW/atCkGBgbi6aefjqqqYvHixXHPPfcc/l0jH9zPf/7z\n+NSnPhXnnHPO4R8b33HHHXHBBRfYl1vEZykDQAE+aQoAClC4AFCAwgWAAhQuABSgcAGgAIULAAUo\nXAAo4P8BjM0OX8A/uCcAAAAASUVORK5CYII=\n",
       "text": [
        "<matplotlib.figure.Figure at 0x108ae79d0>"
       ]
      }
     ],
     "prompt_number": 30
    },
    {
     "cell_type": "code",
     "collapsed": false,
     "input": [],
     "language": "python",
     "metadata": {},
     "outputs": [],
     "prompt_number": 30
    },
    {
     "cell_type": "code",
     "collapsed": false,
     "input": [],
     "language": "python",
     "metadata": {},
     "outputs": [],
     "prompt_number": 30
    }
   ],
   "metadata": {}
  }
 ]
}